 e norm nbkg flat fbkg nder nsec
 7011.9933 0.44209493E-03 0.44209501E-03 0.44209502E-03 0.44209501E-03 0.11758688E-04 -0.17039591E-04
 7014.4901 0.47145355E-03 0.47145363E-03 0.47145364E-03 0.47145363E-03 -0.30785081E-04 -0.96188758E-05
 7016.9935 0.28816503E-03 0.28816508E-03 0.28816509E-03 0.28816508E-03 -0.36337095E-04 0.26585543E-06
 7019.4923 0.28968551E-03 0.28968556E-03 0.28968557E-03 0.28968556E-03 -0.29455200E-04 0.20683825E-05
 7021.9931 0.14089996E-03 0.14089998E-03 0.14089999E-03 0.14089998E-03 -0.25995950E-04 0.10904184E-05
 7024.4941 0.15966024E-03 0.15966027E-03 0.15966028E-03 0.15966027E-03 -0.24001198E-04 0.33878991E-05
 7026.9954 0.20839219E-04 0.20839214E-04 0.20839223E-04 0.20839214E-04 -0.90487271E-05 0.88773703E-05
 7029.4953 0.11440563E-03 0.11440565E-03 0.11440565E-03 0.11440565E-03 0.20396422E-04 -0.36976578E-05
 7031.9971 0.12285671E-03 0.12285673E-03 0.12285674E-03 0.12285673E-03 -0.27543432E-04 -0.17064863E-04
 7034.4960 -0.23329539E-04 -0.23329553E-04 -0.23329544E-04 -0.23329553E-04 -0.64939054E-04 -0.80717614E-06
 7036.9935 -0.20160289E-03 -0.20160294E-03 -0.20160293E-03 -0.20160294E-03 -0.31576383E-04 0.13306967E-04
 7039.4960 -0.18121385E-03 -0.18121390E-03 -0.18121389E-03 -0.18121390E-03 0.15967935E-05 0.25512553E-05
 7041.9972 -0.19361289E-03 -0.19361294E-03 -0.19361293E-03 -0.19361294E-03 -0.18810460E-04 -0.43823046E-06
 7044.4971 -0.27528651E-03 -0.27528657E-03 -0.27528656E-03 -0.27528657E-03 -0.59483296E-06 0.26669413E-06
 7046.9988 -0.19658799E-03 -0.19658804E-03 -0.19658803E-03 -0.19658804E-03 -0.17476568E-04 -0.94714028E-05
 7049.4992 -0.36270561E-03 -0.36270569E-03 -0.36270568E-03 -0.36270569E-03 -0.47971500E-04 0.86738743E-05
 7051.9998 -0.43649169E-03 -0.43649179E-03 -0.43649178E-03 -0.43649179E-03 0.25901156E-04 0.95748993E-05
 7054.5006 -0.23316227E-03 -0.23316233E-03 -0.23316232E-03 -0.23316233E-03 -0.83120181E-07 -0.12726238E-04
 7056.9969 -0.43690705E-03 -0.43690715E-03 -0.43690714E-03 -0.43690715E-03 -0.37693203E-04 0.72967518E-05
 7059.4950 -0.42141577E-03 -0.42141586E-03 -0.42141585E-03 -0.42141586E-03 0.36359500E-04 0.25903108E-04
 7061.9949 -0.25518046E-03 -0.25518052E-03 -0.25518051E-03 -0.25518052E-03 0.91771824E-04 -0.38761416E-05
 7064.4967 0.37603216E-04 0.37603215E-04 0.37603224E-04 0.37603215E-04 0.16972039E-04 -0.34579773E-04
 7066.9988 -0.17025539E-03 -0.17025544E-03 -0.17025543E-03 -0.17025544E-03 -0.81259204E-04 -0.93616200E-05
 7069.4978 -0.36877902E-03 -0.36877910E-03 -0.36877909E-03 -0.36877910E-03 -0.29845994E-04 0.22234630E-04
 7071.9938 -0.31933792E-03 -0.31933799E-03 -0.31933799E-03 -0.31933799E-03 0.29804109E-04 0.13523550E-04
 7074.4933 -0.21989232E-03 -0.21989238E-03 -0.21989237E-03 -0.21989238E-03 0.37711022E-04 -0.40935812E-05
 7076.9963 -0.13069136E-03 -0.13069140E-03 -0.13069139E-03 -0.13069140E-03 0.93262763E-05 -0.24700044E-05
 7079.4962 -0.17323414E-03 -0.17323418E-03 -0.17323417E-03 -0.17323418E-03 0.25353901E-04 0.15383778E-04
 7081.9963 -0.39197752E-05 -0.39197851E-05 -0.39197760E-05 -0.39197851E-05 0.86246426E-04 0.18644756E-04
 7084.4983 0.25818290E-03 0.25818295E-03 0.25818296E-03 0.25818295E-03 0.11861766E-03 0.11629969E-05
 7086.9989 0.58947478E-03 0.58947489E-03 0.58947490E-03 0.58947489E-03 0.92064413E-04 -0.92867699E-05
 7089.4949 0.71818468E-03 0.71818481E-03 0.71818482E-03 0.71818481E-03 0.72216116E-04 0.17509460E-04
 7091.9926 0.95010019E-03 0.95010037E-03 0.95010038E-03 0.95010037E-03 0.17950135E-03 0.32807261E-04
 7094.4922 0.16152185E-02 0.16152188E-02 0.16152188E-02 0.16152188E-02 0.23616597E-03 0.15023117E-04
 7096.9920 0.21307902E-02 0.21307907E-02 0.21307907E-02 0.21307907E-02 0.25460805E-03 0.20465314E-04
 7099.3438 0.28504654E-02 0.28504660E-02 0.28504660E-02 0.28504660E-02 0.33545473E-03 0.26548486E-04
 7101.0956 0.35073616E-02 0.35073623E-02 0.35073623E-02 0.35073623E-02 0.36355236E-03 0.41970153E-05
 7101.9450 0.37961375E-02 0.37961382E-02 0.37961382E-02 0.37961382E-02 0.34637200E-03 -0.43121454E-04
 7102.1961 0.38885281E-02 0.38885288E-02 0.38885289E-02 0.38885288E-02 0.31609918E-03 -0.46723757E-03
 7102.2972 0.39074660E-02 0.39074668E-02 0.39074668E-02 0.39074668E-02 0.18181327E-03 0.12208506E-02
 7102.3966 0.39249936E-02 0.39249944E-02 0.39249944E-02 0.39249944E-02 0.56096032E-03 0.13327312E-02
 7102.4961 0.40190635E-02 0.40190643E-02 0.40190643E-02 0.40190643E-02 0.44694681E-03 0.15794051E-02
 7102.5956 0.40139119E-02 0.40139127E-02 0.40139127E-02 0.40139127E-02 0.87517663E-03 0.27403801E-02
 7102.6951 0.41931825E-02 0.41931833E-02 0.41931833E-02 0.41931833E-02 0.99215366E-03 -0.33580025E-02
 7102.7945 0.42113088E-02 0.42113097E-02 0.42113097E-02 0.42113097E-02 0.20707518E-03 -0.31191739E-02
 7102.8957 0.42347207E-02 0.42347216E-02 0.42347216E-02 0.42347216E-02 0.36646297E-03 -0.96609503E-03
 7102.9968 0.42854194E-02 0.42854202E-02 0.42854202E-02 0.42854202E-02 0.11699852E-04 -0.15665260E-02
 7103.0979 0.42370869E-02 0.42370877E-02 0.42370877E-02 0.42370877E-02 0.49653444E-04 0.49966276E-02
 7103.1974 0.42953805E-02 0.42953813E-02 0.42953814E-02 0.42953813E-02 0.10140883E-02 0.59807871E-02
 7103.2969 0.44388783E-02 0.44388791E-02 0.44388792E-02 0.44388791E-02 0.12397583E-02 -0.58789661E-02
 7103.3996 0.45461278E-02 0.45461287E-02 0.45461287E-02 0.45461287E-02 -0.17496199E-03 -0.89694312E-02
 7103.5024 0.44029194E-02 0.44029203E-02 0.44029203E-02 0.44029203E-02 -0.60367506E-03 0.61252359E-02
 7103.5987 0.44259928E-02 0.44259937E-02 0.44259937E-02 0.44259937E-02 0.10439967E-02 0.13149145E-01
 7103.6949 0.46038741E-02 0.46038750E-02 0.46038751E-02 0.46038750E-02 0.19273513E-02 -0.31316579E-03
 7103.7960 0.48064231E-02 0.48064240E-02 0.48064240E-02 0.48064240E-02 0.98218248E-03 -0.15240203E-01
 7103.9004 0.48057598E-02 0.48057607E-02 0.48057607E-02 0.48057607E-02 -0.12052418E-02 -0.77828891E-02
 7104.0049 0.45547481E-02 0.45547490E-02 0.45547490E-02 0.45547490E-02 -0.64301708E-03 0.71229109E-02
 7104.1011 0.46767281E-02 0.46767290E-02 0.46767291E-02 0.46767290E-02 0.22408421E-03 0.71856034E-02
 7104.1990 0.45982532E-02 0.45982541E-02 0.45982541E-02 0.45982541E-02 0.75203908E-03 0.33150477E-02
 7104.3018 0.48276451E-02 0.48276460E-02 0.48276460E-02 0.48276460E-02 0.88933803E-03 -0.27933030E-02
 7104.4046 0.47810815E-02 0.47810824E-02 0.47810824E-02 0.47810824E-02 0.17779743E-03 0.26096633E-02
 7104.5041 0.48636174E-02 0.48636184E-02 0.48636184E-02 0.48636184E-02 0.14173303E-02 0.40150995E-02
 7104.5971 0.50539700E-02 0.50539710E-02 0.50539710E-02 0.50539710E-02 0.95085263E-03 -0.18019093E-02
 7104.6934 0.50435938E-02 0.50435948E-02 0.50435948E-02 0.50435948E-02 0.10762667E-02 -0.93837789E-04
 7104.7913 0.52629595E-02 0.52629605E-02 0.52629605E-02 0.52629605E-02 0.93263121E-03 -0.22376161E-02
 7104.8908 0.52277400E-02 0.52277410E-02 0.52277410E-02 0.52277410E-02 0.63445391E-03 0.31810637E-02
 7104.9953 0.53923767E-02 0.53923777E-02 0.53923777E-02 0.53923777E-02 0.15815109E-02 0.17361258E-02
 7105.0981 0.55555113E-02 0.55555124E-02 0.55555124E-02 0.55555124E-02 0.99426945E-03 -0.63077474E-02
 7105.1960 0.55919564E-02 0.55919575E-02 0.55919575E-02 0.55919575E-02 0.31535681E-03 -0.35103970E-02
 7105.2939 0.56172711E-02 0.56172722E-02 0.56172722E-02 0.56172722E-02 0.30678979E-03 -0.21749485E-02
 7105.3967 0.56535420E-02 0.56535431E-02 0.56535431E-02 0.56535431E-02 -0.12124669E-03 0.11070990E-02
 7105.4963 0.55927332E-02 0.55927343E-02 0.55927343E-02 0.55927343E-02 0.53084449E-03 0.78256832E-02
 7105.5975 0.57601111E-02 0.57601123E-02 0.57601123E-02 0.57601123E-02 0.14497905E-02 0.14878719E-02
 7105.6971 0.58837931E-02 0.58837943E-02 0.58837943E-02 0.58837943E-02 0.82954965E-03 -0.51690027E-02
 7105.7950 0.59239480E-02 0.59239492E-02 0.59239492E-02 0.59239492E-02 0.42890731E-03 0.11291751E-03
 7105.8929 0.59678049E-02 0.59678061E-02 0.59678061E-02 0.59678061E-02 0.85166725E-03 0.28174705E-02
 7105.9974 0.60963340E-02 0.60963352E-02 0.60963352E-02 0.60963352E-02 0.99919152E-03 -0.12077856E-02
 7106.0986 0.61733196E-02 0.61733209E-02 0.61733209E-02 0.61733209E-02 0.60324871E-03 -0.28793046E-02
 7106.1982 0.62174603E-02 0.62174615E-02 0.62174615E-02 0.62174615E-02 0.42105595E-03 -0.44429924E-03
 7106.3027 0.62592403E-02 0.62592416E-02 0.62592416E-02 0.62592416E-02 0.51258501E-03 -0.35243614E-03
 7106.4023 0.63220615E-02 0.63220627E-02 0.63220627E-02 0.63220627E-02 0.34913571E-03 0.39441032E-03
 7106.5002 0.63282093E-02 0.63282105E-02 0.63282105E-02 0.63282105E-02 0.59049761E-03 0.10225718E-01
 7106.5982 0.64377488E-02 0.64377501E-02 0.64377501E-02 0.64377501E-02 0.23525073E-02 0.96954496E-02
 7106.6961 0.67891149E-02 0.67891162E-02 0.67891162E-02 0.67891162E-02 0.24900398E-02 -0.53531471E-02
 7106.7941 0.69256123E-02 0.69256137E-02 0.69256137E-02 0.69256137E-02 0.13036866E-02 -0.11424914E-01
 7106.8953 0.70488053E-02 0.70488067E-02 0.70488067E-02 0.70488067E-02 0.21423121E-03 -0.89000181E-02
 7106.9966 0.69689877E-02 0.69689891E-02 0.69689891E-02 0.69689891E-02 -0.49830006E-03 0.37545914E-02
 7107.0995 0.69470983E-02 0.69470997E-02 0.69470997E-02 0.69470997E-02 0.98057334E-03 0.97331078E-02
 7107.1974 0.71659339E-02 0.71659353E-02 0.71659354E-02 0.71659353E-02 0.14565752E-02 -0.17444586E-02
 7107.2970 0.72349015E-02 0.72349030E-02 0.72349030E-02 0.72349030E-02 0.63588751E-03 -0.68888233E-03
 7107.4016 0.72957351E-02 0.72957365E-02 0.72957366E-02 0.72957365E-02 0.13159564E-02 0.40418508E-02
 7107.5012 0.75035303E-02 0.75035318E-02 0.75035318E-02 0.75035318E-02 0.14609586E-02 0.53372030E-02
 7107.5959 0.75796563E-02 0.75796578E-02 0.75796578E-02 0.75796578E-02 0.23531831E-02 0.59861964E-02
 7107.6939 0.79570169E-02 0.79570185E-02 0.79570185E-02 0.79570185E-02 0.26145705E-02 -0.34172120E-02
 7107.7951 0.81006095E-02 0.81006111E-02 0.81006111E-02 0.81006111E-02 0.16723036E-02 -0.41048674E-02
 7107.8964 0.82956952E-02 0.82956969E-02 0.82956969E-02 0.82956969E-02 0.17832445E-02 -0.24738998E-02
 7107.9944 0.84559424E-02 0.84559440E-02 0.84559441E-02 0.84559440E-02 0.11793494E-02 -0.43011882E-02
 7108.0940 0.85287759E-02 0.85287776E-02 0.85287776E-02 0.85287776E-02 0.93317919E-03 0.18892959E-02
 7108.1969 0.86449494E-02 0.86449511E-02 0.86449511E-02 0.86449511E-02 0.15620092E-02 0.49740683E-02
 7108.2966 0.88451546E-02 0.88451564E-02 0.88451564E-02 0.88451564E-02 0.19406568E-02 -0.22529158E-02
 7108.3962 0.90316932E-02 0.90316950E-02 0.90316950E-02 0.90316950E-02 0.11130369E-02 -0.60630525E-02
 7108.4975 0.90687916E-02 0.90687934E-02 0.90687934E-02 0.90687934E-02 0.72243801E-03 0.33657102E-02
 7108.5972 0.91768534E-02 0.91768552E-02 0.91768552E-02 0.91768552E-02 0.17893124E-02 0.90016029E-02
 7108.6984 0.94283289E-02 0.94283308E-02 0.94283308E-02 0.94283308E-02 0.25311841E-02 0.38475960E-02
 7108.7997 0.96896105E-02 0.96896125E-02 0.96896125E-02 0.96896125E-02 0.25687430E-02 0.82553323E-03
 7108.9010 0.99487100E-02 0.99487120E-02 0.99487120E-02 0.99487120E-02 0.26984223E-02 -0.57240192E-03
 7109.0023 0.10236279E-01 0.10236281E-01 0.10236281E-01 0.10236281E-01 0.24527813E-02 -0.24130679E-02
 7109.1004 0.10437616E-01 0.10437618E-01 0.10437618E-01 0.10437618E-01 0.22174327E-02 0.31073705E-02
 7109.2000 0.10674661E-01 0.10674663E-01 0.10674663E-01 0.10674663E-01 0.30671022E-02 0.66154811E-02
 7109.3013 0.11054017E-01 0.11054019E-01 0.11054019E-01 0.11054019E-01 0.35469591E-02 -0.19894241E-03
 7109.4010 0.11387521E-01 0.11387524E-01 0.11387524E-01 0.11387524E-01 0.30271192E-02 0.54807895E-03
 7109.4990 0.11652527E-01 0.11652529E-01 0.11652529E-01 0.11652529E-01 0.36553231E-02 0.94846868E-02
 7109.6004 0.12116232E-01 0.12116234E-01 0.12116234E-01 0.12116234E-01 0.49179484E-02 0.39246258E-02
 7109.7017 0.12649046E-01 0.12649049E-01 0.12649049E-01 0.12649049E-01 0.44505661E-02 -0.25814088E-02
 7109.7997 0.13003528E-01 0.13003530E-01 0.13003530E-01 0.13003530E-01 0.44033007E-02 0.10413511E-01
 7109.8994 0.13519750E-01 0.13519753E-01 0.13519753E-01 0.13519753E-01 0.65097233E-02 0.13128754E-01
 7110.0007 0.14312073E-01 0.14312076E-01 0.14312076E-01 0.14312076E-01 0.70423640E-02 0.49237713E-02
 7110.0988 0.14923892E-01 0.14923895E-01 0.14923895E-01 0.14923895E-01 0.74914495E-02 0.27882603E-02
 7110.1969 0.15781311E-01 0.15781315E-01 0.15781315E-01 0.15781315E-01 0.75892032E-02 0.39167191E-02
 7110.2966 0.16424748E-01 0.16424751E-01 0.16424751E-01 0.16424751E-01 0.82660277E-02 0.11069500E-01
 7110.3979 0.17443081E-01 0.17443084E-01 0.17443084E-01 0.17443084E-01 0.98145712E-02 0.21039673E-02
 7110.4992 0.18413936E-01 0.18413940E-01 0.18413940E-01 0.18413940E-01 0.86924534E-02 -0.25644594E-02
 7110.5989 0.19190690E-01 0.19190694E-01 0.19190694E-01 0.19190694E-01 0.92989892E-02 0.98542406E-02
 7110.7003 0.20283544E-01 0.20283548E-01 0.20283548E-01 0.20283548E-01 0.10673698E-01 0.45237055E-02
 7110.8000 0.21336743E-01 0.21336748E-01 0.21336748E-01 0.21336748E-01 0.10208525E-01 -0.26303177E-02
 7110.8965 0.22286069E-01 0.22286073E-01 0.22286073E-01 0.22286073E-01 0.10157729E-01 0.19032928E-02
 7110.9945 0.23312757E-01 0.23312762E-01 0.23312762E-01 0.23312762E-01 0.10578779E-01 0.70823355E-02
 7111.0975 0.24413229E-01 0.24413234E-01 0.24413234E-01 0.24413234E-01 0.11581831E-01 -0.55643769E-03
 7111.1989 0.25679550E-01 0.25679556E-01 0.25679556E-01 0.25679556E-01 0.10465068E-01 -0.60567546E-02
 7111.3003 0.26534760E-01 0.26534765E-01 0.26534765E-01 0.26534765E-01 0.10353976E-01 0.53366987E-02
 7111.4000 0.27761694E-01 0.27761699E-01 0.27761699E-01 0.27761699E-01 0.11538257E-01 -0.25005600E-02
 7111.4981 0.28817385E-01 0.28817390E-01 0.28817390E-01 0.28817390E-01 0.98592874E-02 -0.72525266E-02
 7111.5978 0.29712225E-01 0.29712231E-01 0.29712231E-01 0.29712231E-01 0.10103439E-01 0.19597191E-01
 7111.6976 0.30832809E-01 0.30832815E-01 0.30832815E-01 0.30832815E-01 0.13768515E-01 0.36990988E-01
 7111.8006 0.32503847E-01 0.32503854E-01 0.32503854E-01 0.32503854E-01 0.17603510E-01 0.25680663E-01
 7111.8987 0.34373314E-01 0.34373321E-01 0.34373321E-01 0.34373321E-01 0.18933539E-01 0.84641771E-02
 7111.9935 0.36157168E-01 0.36157175E-01 0.36157175E-01 0.36157175E-01 0.19236715E-01 0.63777109E-02
 7112.0949 0.38148154E-01 0.38148162E-01 0.38148162E-01 0.38148162E-01 0.20185043E-01 0.28686230E-02
 7112.1979 0.40283273E-01 0.40283282E-01 0.40283282E-01 0.40283282E-01 0.19823102E-01 -0.51398367E-02
 7112.3010 0.42232784E-01 0.42232792E-01 0.42232792E-01 0.42232792E-01 0.19125959E-01 -0.21277874E-02
 7112.4007 0.44161827E-01 0.44161836E-01 0.44161836E-01 0.44161836E-01 0.19391608E-01 -0.63475490E-02
 7112.4972 0.46038484E-01 0.46038493E-01 0.46038493E-01 0.46038493E-01 0.17880221E-01 -0.21071804E-01
 7112.5986 0.47700233E-01 0.47700243E-01 0.47700243E-01 0.47700243E-01 0.15221603E-01 -0.26716717E-01
 7112.7033 0.49175337E-01 0.49175346E-01 0.49175346E-01 0.49175346E-01 0.12374467E-01 -0.26205401E-01
 7112.8014 0.50209948E-01 0.50209958E-01 0.50209958E-01 0.50209958E-01 0.99067810E-02 -0.22335727E-01
 7112.8980 0.51103602E-01 0.51103613E-01 0.51103613E-01 0.51103613E-01 0.80270187E-02 -0.26730841E-01
 7112.9961 0.51772383E-01 0.51772394E-01 0.51772394E-01 0.51772394E-01 0.47037030E-02 -0.34096167E-01
 7113.0942 0.52026888E-01 0.52026898E-01 0.52026898E-01 0.52026898E-01 0.13343161E-02 -0.26194963E-01
 7113.1973 0.52040850E-01 0.52040861E-01 0.52040861E-01 0.52040861E-01 -0.56677587E-03 -0.14785087E-01
 7113.2987 0.51910994E-01 0.51911004E-01 0.51911004E-01 0.51911004E-01 -0.16889237E-02 -0.14432206E-01
 7113.3969 0.51703780E-01 0.51703791E-01 0.51703791E-01 0.51703791E-01 -0.34471122E-02 -0.18355919E-01
 7113.4950 0.51234284E-01 0.51234295E-01 0.51234295E-01 0.51234295E-01 -0.52924109E-02 -0.11913449E-01
 7113.5948 0.50656126E-01 0.50656136E-01 0.50656136E-01 0.50656136E-01 -0.58054270E-02 -0.11084508E-01
 7113.6979 0.50056555E-01 0.50056565E-01 0.50056565E-01 0.50056565E-01 -0.75410919E-02 -0.25348117E-01
 7113.7977 0.49126242E-01 0.49126252E-01 0.49126252E-01 0.49126252E-01 -0.10947876E-01 -0.24131929E-01
 7113.8975 0.47871282E-01 0.47871292E-01 0.47871292E-01 0.47871292E-01 -0.12357994E-01 -0.37994032E-02
 7113.9990 0.46639208E-01 0.46639218E-01 0.46639218E-01 0.46639218E-01 -0.11712502E-01 -0.65791731E-02
 7114.0971 0.45533256E-01 0.45533265E-01 0.45533265E-01 0.45533265E-01 -0.13671315E-01 -0.11988776E-01
 7114.1986 0.43910086E-01 0.43910095E-01 0.43910095E-01 0.43910095E-01 -0.14105749E-01 0.26377695E-02
 7114.2984 0.42694234E-01 0.42694243E-01 0.42694243E-01 0.42694243E-01 -0.13140419E-01 0.21044477E-02
 7114.3966 0.41308283E-01 0.41308291E-01 0.41308291E-01 0.41308291E-01 -0.13689068E-01 0.25682820E-02
 7114.4948 0.40006125E-01 0.40006133E-01 0.40006133E-01 0.40006133E-01 -0.12636088E-01 0.16812917E-01
 7114.5946 0.38806198E-01 0.38806206E-01 0.38806206E-01 0.38806206E-01 -0.10359926E-01 0.14241214E-01
 7114.6961 0.37920776E-01 0.37920784E-01 0.37920784E-01 0.37920784E-01 -0.97694743E-02 0.14430299E-01
 7114.7942 0.36855635E-01 0.36855642E-01 0.36855642E-01 0.36855642E-01 -0.74787869E-02 0.33211459E-01
 7114.8941 0.36439767E-01 0.36439774E-01 0.36439774E-01 0.36439774E-01 -0.31926756E-02 0.25715493E-01
 7114.9972 0.36207697E-01 0.36207705E-01 0.36207705E-01 0.36207705E-01 -0.22599562E-02 0.81185932E-02
 7115.0987 0.35977409E-01 0.35977416E-01 0.35977416E-01 0.35977416E-01 -0.15317169E-02 0.13136529E-01
 7115.1985 0.35899334E-01 0.35899341E-01 0.35899341E-01 0.35899341E-01 0.38467670E-03 0.14682419E-01
 7115.3000 0.36054855E-01 0.36054862E-01 0.36054862E-01 0.36054862E-01 0.14242357E-02 0.71307861E-02
 7115.3982 0.36183746E-01 0.36183754E-01 0.36183754E-01 0.36183754E-01 0.18086590E-02 0.14865572E-01
 7115.4948 0.36407163E-01 0.36407171E-01 0.36407171E-01 0.36407171E-01 0.43199004E-02 0.22537050E-01
 7115.5930 0.37025241E-01 0.37025249E-01 0.37025249E-01 0.37025249E-01 0.61987637E-02 0.14392323E-01
 7115.6929 0.37634983E-01 0.37634991E-01 0.37634991E-01 0.37634991E-01 0.71706598E-02 0.12025146E-01
 7115.7911 0.38445613E-01 0.38445620E-01 0.38445621E-01 0.38445620E-01 0.85807167E-02 0.10014925E-01
 7115.8893 0.39320657E-01 0.39320664E-01 0.39320664E-01 0.39320664E-01 0.91380819E-02 0.39291529E-02
 7115.9924 0.40285712E-01 0.40285720E-01 0.40285720E-01 0.40285720E-01 0.93719145E-02 0.78735777E-02
 7116.0989 0.41284616E-01 0.41284624E-01 0.41284624E-01 0.41284624E-01 0.10788053E-01 0.19738514E-01
 7116.2020 0.42546510E-01 0.42546519E-01 0.42546519E-01 0.42546519E-01 0.13508416E-01 0.21684695E-01
 7116.3019 0.44027122E-01 0.44027131E-01 0.44027131E-01 0.44027131E-01 0.15190523E-01 0.55907717E-02
 7116.3985 0.45531114E-01 0.45531123E-01 0.45531123E-01 0.45531123E-01 0.14606880E-01 0.31649971E-02
 7116.4951 0.46849303E-01 0.46849312E-01 0.46849312E-01 0.46849312E-01 0.15802029E-01 0.15743830E-01
 7116.5966 0.48661938E-01 0.48661948E-01 0.48661948E-01 0.48661948E-01 0.17726174E-01 0.11423095E-01
 7116.6981 0.50448531E-01 0.50448541E-01 0.50448541E-01 0.50448541E-01 0.18121443E-01 0.10459519E-01
 7116.7980 0.52311850E-01 0.52311861E-01 0.52311861E-01 0.52311861E-01 0.19832867E-01 0.20453462E-01
 7116.8963 0.54378315E-01 0.54378326E-01 0.54378326E-01 0.54378326E-01 0.22174194E-01 0.24634548E-01
 7116.9962 0.56705667E-01 0.56705678E-01 0.56705678E-01 0.56705678E-01 0.24714203E-01 0.14252705E-01
 7117.0977 0.59356521E-01 0.59356533E-01 0.59356533E-01 0.59356533E-01 0.25045131E-01 0.54982311E-02
 7117.1993 0.61791707E-01 0.61791719E-01 0.61791719E-01 0.61791719E-01 0.25830756E-01 0.20333697E-01
 7117.2959 0.64475350E-01 0.64475363E-01 0.64475363E-01 0.64475363E-01 0.29074619E-01 0.26721175E-01
 7117.3942 0.67458292E-01 0.67458306E-01 0.67458306E-01 0.67458306E-01 0.31038659E-01 0.14272494E-01
 7117.4973 0.70728244E-01 0.70728258E-01 0.70728258E-01 0.70728258E-01 0.31949884E-01 0.14965462E-01
 7117.5973 0.73947282E-01 0.73947296E-01 0.73947296E-01 0.73947296E-01 0.34078130E-01 0.32728744E-01
 7117.6972 0.77538042E-01 0.77538058E-01 0.77538058E-01 0.77538058E-01 0.38490037E-01 0.37336060E-01
 7117.7954 0.81575891E-01 0.81575908E-01 0.81575908E-01 0.81575908E-01 0.41478025E-01 0.18514717E-01
 7117.8954 0.85759111E-01 0.85759128E-01 0.85759128E-01 0.85759128E-01 0.42159709E-01 0.15088587E-01
 7117.9986 0.90139498E-01 0.90139516E-01 0.90139516E-01 0.90139516E-01 0.44542864E-01 0.34812082E-01
 7118.1001 0.94880020E-01 0.94880039E-01 0.94880039E-01 0.94880039E-01 0.49288075E-01 0.41090224E-01
 7118.2001 0.10007090 0.10007092 0.10007092 0.10007092 0.52822421E-01 0.32424524E-01
 7118.2984 0.10535080 0.10535082 0.10535082 0.10535082 0.55715458E-01 0.23891167E-01
 7118.3950 0.11093290 0.11093293 0.11093293 0.11093293 0.57480123E-01 0.16509362E-01
 7118.4950 0.11665133 0.11665136 0.11665136 0.11665136 0.58961182E-01 0.20588951E-01
 7118.5965 0.12281476 0.12281479 0.12281479 0.12281479 0.61629209E-01 0.25100005E-01
 7118.6981 0.12917223 0.12917226 0.12917226 0.12917226 0.64060625E-01 0.33930874E-01
 7118.7981 0.13572503 0.13572505 0.13572505 0.13572505 0.68467366E-01 0.40857742E-01
 7118.8948 0.14263442 0.14263445 0.14263445 0.14263445 0.72094156E-01 0.28518289E-01
 7118.9947 0.14990076 0.14990079 0.14990079 0.14990079 0.74074860E-01 0.26916101E-01
 7119.0963 0.15756413 0.15756417 0.15756417 0.15756417 0.77519069E-01 0.22605305E-01
 7119.1946 0.16539806 0.16539809 0.16539809 0.16539809 0.78594022E-01 0.10909901E-02
 7119.2946 0.17314807 0.17314811 0.17314811 0.17314811 0.77735395E-01 0.49107397E-02
 7119.3995 0.18132177 0.18132180 0.18132180 0.18132180 0.79599962E-01 0.29257038E-01
 7119.5011 0.18958467 0.18958471 0.18958471 0.18958471 0.83776681E-01 0.34842585E-01
 7119.5994 0.19807208 0.19807212 0.19807212 0.19807212 0.86566389E-01 0.14730291E-01
 7119.7010 0.20689327 0.20689331 0.20689331 0.20689331 0.86721944E-01 0.13522774E-01
 7119.8010 0.21555453 0.21555457 0.21555457 0.21555457 0.89292472E-01 0.18751656E-01
 7119.8977 0.22445531 0.22445536 0.22445536 0.22445536 0.90410019E-01 0.98573972E-02
 7119.9960 0.23318864 0.23318869 0.23318869 0.23318869 0.91215118E-01 0.14600508E-02
 7120.0960 0.24254601 0.24254606 0.24254606 0.24254606 0.90699591E-01 -0.23599279E-02
 7120.1960 0.25132629 0.25132634 0.25132634 0.25132634 0.90743191E-01 0.13736030E-01
 7120.2944 0.26054419 0.26054425 0.26054425 0.26054425 0.93424023E-01 0.81428058E-02
 7120.3944 0.26985676 0.26985681 0.26985681 0.26985681 0.92358301E-01 -0.67204687E-02
 7120.4944 0.27901521 0.27901526 0.27901526 0.27901526 0.92079976E-01 0.36421676E-02
 7120.5960 0.28842358 0.28842364 0.28842364 0.28842364 0.93092700E-01 0.42579192E-02
 7120.6993 0.29809204 0.29809210 0.29809210 0.29809210 0.92952522E-01 -0.67699412E-02
 7120.8009 0.30747225 0.30747231 0.30747231 0.30747231 0.91705343E-01 0.29753006E-04
 7120.9026 0.31673528 0.31673534 0.31673534 0.31673534 0.92958570E-01 0.23840201E-01
 7121.0026 0.32621846 0.32621852 0.32621852 0.32621852 0.96513005E-01 0.37664757E-01
 7121.1010 0.33588240 0.33588247 0.33588247 0.33588247 0.10043084 0.35966737E-01
 7121.1977 0.34581402 0.34581409 0.34581409 0.34581409 0.10353065 0.13119918E-01
 7121.2945 0.35591361 0.35591369 0.35591369 0.35591369 0.10296930 0.27960361E-02
 7121.3961 0.36624375 0.36624382 0.36624382 0.36624382 0.10408541 0.19452954E-01
 7121.4978 0.37707740 0.37707748 0.37707748 0.37707748 0.10692469 0.24613332E-01
 7121.5978 0.38781014 0.38781022 0.38781022 0.38781022 0.10904984 0.24084308E-01
 7121.6978 0.39889424 0.39889432 0.39889432 0.39889432 0.11174307 0.32977763E-01
 7121.7979 0.41016646 0.41016654 0.41016654 0.41016654 0.11564767 0.40436279E-01
 7121.8963 0.42184279 0.42184287 0.42184287 0.42184287 0.11976704 0.35682637E-01
 7121.9947 0.43373661 0.43373670 0.43373670 0.43373670 0.12267001 0.18530066E-01
 7122.0931 0.44598498 0.44598507 0.44598507 0.44598507 0.12341387 0.12370601E-01
 7122.1948 0.45843087 0.45843096 0.45843096 0.45843096 0.12514528 0.25038613E-01
 7122.2981 0.47164214 0.47164224 0.47164224 0.47164224 0.12854726 0.29431054E-01
 7122.3998 0.48478614 0.48478624 0.48478624 0.48478624 0.13117935 0.28480941E-01
 7122.5015 0.49832271 0.49832281 0.49832281 0.49832281 0.13434000 0.28703394E-01
 7122.5999 0.51166972 0.51166982 0.51166982 0.51166982 0.13692336 0.23953885E-01
 7122.6983 0.52527484 0.52527495 0.52527495 0.52527495 0.13905510 0.75738438E-02
 7122.7968 0.53904230 0.53904241 0.53904241 0.53904241 0.13841425 -0.13434048E-01
 7122.8985 0.55297624 0.55297635 0.55297635 0.55297635 0.13636649 0.53973267E-03
 7122.9985 0.56655833 0.56655845 0.56655845 0.56655845 0.13852316 0.16914662E-01
 7123.0953 0.58024646 1.9719907 0.58024661 1.9719907 0.13969638 -0.64388039E-02
 7123.1938 0.59383112 2.1975466 0.59389767 2.1976130 0.13726612 -0.37096581E-01
 7123.2939 0.60749598 2.1771917 0.60763004 2.1773256 0.13233212 -0.30144694E-01
 7123.3972 0.62075329 2.1564107 0.62095706 2.1566144 0.13113336 0.16069734E-02
 7123.4989 0.63439013 2.1361976 0.63466249 2.1364698 0.13266169 0.10535968E-02
 7123.5974 0.64730871 2.1168598 0.64764746 2.1171984 0.13134426 -0.15973782E-01
 7123.6958 0.66025168 2.0977405 0.66065679 2.0981455 0.12951647 -0.25991675E-01
 7123.7959 0.67302356 2.0785253 0.67349614 2.0789978 0.12618375 -0.24471491E-01
 7123.8977 0.68571972 2.0592237 0.68626087 2.0597647 0.12457732 -0.25789790E-02
 7123.9978 0.69816812 2.0404572 0.69877672 2.0410657 0.12566321 0.10871215E-01
 7124.0962 0.71067166 2.0222136 0.71134660 2.0228884 0.12673593 -0.20138004E-01
 7124.1947 0.72312585 2.0041820 0.72386711 2.0049232 0.12169749 -0.42285161E-01
 7124.2981 0.73523715 1.9854757 0.73604806 1.9862865 0.11820037 -0.49922416E-03
 7124.3998 0.74737406 1.9672921 0.74825349 1.9681714 0.12159508 0.12209057E-01
 7124.4967 0.75938423 1.9501947 0.76032886 1.9511392 0.12062492 -0.28552352E-01
 7124.5968 0.77113126 1.9327282 0.77214330 1.9337401 0.11597166 -0.18152564E-01
 7124.6986 0.78279659 1.9151934 0.78387713 1.9162738 0.11696028 0.15046842E-01
 7124.7954 0.79435992 1.8987098 0.79550564 1.8998554 0.11896001 -0.13872255E-02
 7124.8939 0.80603257 1.8821483 0.80724457 1.8833602 0.11668932 -0.25096488E-01
 7124.9957 0.81772766 1.8652470 0.81900813 1.8665273 0.11393429 -0.13325747E-01
 7125.0974 0.82922333 1.8485599 0.83057227 1.8499087 0.11397693 0.21527728E-01
 7125.1976 0.84074074 1.8323496 0.84215704 1.8337657 0.11828095 0.23289029E-01
 7125.2944 0.85252361 1.8168657 0.85400506 1.8183470 0.11856466 -0.20895008E-01
 7125.3962 0.86429219 1.8007996 0.86584208 1.8023493 0.11413041 -0.70750572E-02
 7125.4980 0.87575703 1.7849423 0.87737536 1.7865605 0.11712439 0.40070963E-01
 7125.5949 0.88755883 1.7700450 0.88924228 1.7717283 0.12209047 0.31404842E-01
 7125.6934 0.89960996 1.7550866 0.90135963 1.7568361 0.12325999 -0.24430066E-02
 7125.7935 0.91204578 1.7400754 0.91386276 1.7418922 0.12160514 -0.13230323E-01
 7125.8937 0.92396856 1.7252611 0.92585285 1.7271452 0.12060984 -0.20657128E-02
 7125.9938 0.93620574 1.7106424 0.93815732 1.7125938 0.12119134 -0.45656549E-02
 7126.0956 0.94844473 1.6959831 0.95046470 1.6980028 0.11968774 -0.64251138E-02
 7126.1974 0.96057548 1.6815230 0.96266384 1.6836112 0.11988312 0.91632170E-02
 7126.2960 0.97246116 1.6677179 0.97461568 1.6698723 0.12152343 0.12189428E-01
 7126.3978 0.98492125 1.6536460 0.98714413 1.6558687 0.12232512 0.21718063E-01
 7126.4980 0.99716924 1.6399914 0.99945939 1.6422814 0.12591020 0.22282730E-01
 7126.5948 1.0097339 1.6269631 1.0120891 1.6293181 0.12671629 -0.13765056E-01
 7126.6950 1.0221413 1.6136764 1.0245638 1.6160986 0.12319750 -0.82150429E-02
 7126.7952 1.0344178 1.6005747 1.0369075 1.6030642 0.12507032 0.29819169E-01
 7126.8921 1.0467906 1.5880773 1.0493453 1.5906317 0.12907435 -0.10775755E-01
 7126.9890 1.0594330 1.5757505 1.0620527 1.5783700 0.12298193 -0.36589963E-01
 7127.0941 1.0716355 1.5625706 1.0743257 1.5652606 0.12168241 0.15697382E-01
 7127.1943 1.0844158 1.5501927 1.0871732 1.5529499 0.12620480 -0.32696864E-02
 7127.2912 1.0965112 1.5383903 1.0993336 1.5412125 0.12103794 -0.43617101E-01
 7127.3947 1.1086715 1.5259707 1.1115633 1.5288623 0.11746406 -0.12041284E-01
 7127.4966 1.1206301 1.5139313 1.1235902 1.5168911 0.11856550 0.65831220E-02
 7127.5968 1.1326277 1.5022618 1.1356550 1.5052888 0.11879419 -0.12646051E-01
 7127.6970 1.1444383 1.4907654 1.1475327 1.4938596 0.11603104 -0.12133572E-01
 7127.7988 1.1560733 1.4792566 1.1592360 1.4824190 0.11634244 -0.58767011E-02
 7127.8990 1.1679475 1.4681051 1.1711773 1.4713347 0.11484354 -0.30890434E-01
 7127.9960 1.1787143 1.4574802 1.1820090 1.4607747 0.11025251 -0.47605317E-01
 7128.0913 1.1891405 1.4471883 1.1924991 1.4505466 0.10569271 -0.61150571E-01
 7128.1898 1.1992051 1.4367000 1.2026297 1.4401243 0.98397131E-01 -0.71520658E-01
 7128.2966 1.2093491 1.4255180 1.2128453 1.4290138 0.91003937E-01 -0.41258314E-01
 7128.4034 1.2186436 1.4145219 1.2222112 1.4180893 0.89584355E-01 0.20234049E-01
 7128.5020 1.2277490 1.4045354 1.2313826 1.4081688 0.95159829E-01 -0.91293305E-02
 7128.6006 1.2374073 1.3947048 1.2411069 1.3984042 0.87784224E-01 -0.89845298E-01
 7128.6992 1.2450589 1.3850287 1.2488245 1.3887941 0.77443504E-01 -0.62997993E-01
 7128.7978 1.2526786 1.3755059 1.2565102 1.3793373 0.75361461E-01 -0.34126834E-01
 7128.8997 1.2601677 1.3658255 1.2640675 1.3697250 0.70601586E-01 -0.48014281E-01
 7128.9983 1.2668335 1.3566107 1.2707992 1.3605762 0.65735078E-01 -0.45872951E-01
 7129.0953 1.2730233 1.3476952 1.2770538 1.3517255 0.61630396E-01 -0.42373564E-01
 7129.1972 1.2790893 1.3384808 1.2831880 1.3425792 0.57308713E-01 -0.45517364E-01
 7129.2958 1.2845141 1.3297130 1.2886788 1.3338774 0.52503801E-01 -0.52897755E-01
 7129.3928 1.2893581 1.3212334 1.2935876 1.3254626 0.46962812E-01 -0.57178670E-01
 7129.4947 1.2938539 1.3124731 1.2981515 1.3167704 0.41132335E-01 -0.55815681E-01
 7129.5966 1.2977414 1.3038656 1.3021071 1.3082311 0.35586850E-01 -0.53580868E-01
 7129.6985 1.3011072 1.2954096 1.3055410 1.2998431 0.30211536E-01 -0.48442400E-01
 7129.7971 1.3038000 1.2873691 1.3082997 1.2918686 0.25872308E-01 -0.35769343E-01
 7129.8957 1.3062106 1.2794679 1.3107762 1.2840333 0.23155819E-01 -0.33865518E-01
 7129.9977 1.3084439 1.2714483 1.3130775 1.2760817 0.19080613E-01 -0.40825715E-01
 7130.0963 1.3100374 1.2638263 1.3147369 1.2685256 0.14968018E-01 -0.27765634E-01
 7130.1966 1.3114212 1.2562161 1.3161878 1.2609823 0.13557556E-01 -0.16089456E-01
 7130.3001 1.3128011 1.2485018 1.3176368 1.2533372 0.11688102E-01 -0.44382325E-01
 7130.4004 1.3138040 1.2411720 1.3187066 1.2460743 0.45097307E-02 -0.55414490E-01
 7130.4958 1.3136834 1.2343287 1.3186497 1.2392947 0.84647833E-03 -0.61009213E-02
 7130.5912 1.3139654 1.2276071 1.3189954 1.2326367 0.33461691E-02 -0.39421570E-02
 7130.6947 1.3143491 1.2204426 1.3194482 1.2255414 0.62201974E-04 -0.41496492E-01
 7130.7983 1.3139783 1.2134189 1.3191465 1.2185868 -0.52507836E-02 -0.41133869E-01
 7130.8970 1.3132872 1.2068593 1.3185212 1.2120930 -0.82569586E-02 -0.26072214E-01
 7130.9940 1.3123626 1.2005309 1.3176613 1.2058293 -0.10352464E-01 -0.73606747E-02
 7131.0910 1.3112784 1.1943224 1.3166418 1.1996855 -0.96851944E-02 0.62757034E-02
 7131.1930 1.3104355 1.1879258 1.3158669 1.1933569 -0.91037560E-02 -0.84452735E-02
 7131.2982 1.3093921 1.1814587 1.3148936 1.1869600 -0.11435089E-01 -0.31988314E-01
 7131.3985 1.3080849 1.1754219 1.3136533 1.1809900 -0.15679434E-01 -0.29970141E-01
 7131.4956 1.3062978 1.1696996 1.3119309 1.1753324 -0.17349636E-01 -0.12796571E-01
 7131.5959 1.3046609 1.1639027 1.3103608 1.1696024 -0.18204888E-01 0.32081699E-03
 7131.6946 1.3026750 1.1583179 1.3084406 1.1640834 -0.17285792E-01 0.15202761E-01
 7131.7949 1.3012208 1.1527579 1.3070533 1.1585901 -0.15179402E-01 -0.60343454E-02
 7131.9446 1.2988800 1.1446809 1.3048122 1.1506128 -0.18794409E-01 -0.88646209E-02
 7132.2917 1.2918847 1.1269335 1.2980480 1.1330965 -0.19582929E-01 0.19615810E-02
 7132.9398 1.2793898 1.0972981 1.2859844 1.1038924 -0.16842114E-01 0.48953365E-02
 7133.7922 1.2666119 1.0647599 1.2737730 1.0719207 -0.12237153E-01 0.46849940E-02
 7134.7123 1.2577000 1.0369622 1.2654718 1.0447337 -0.85381730E-02 0.13596718E-02
 7135.6507 1.2507436 1.0153935 1.2591374 1.0237871 -0.97101776E-02 -0.40623034E-02
 7136.6076 1.2392968 0.99932195 1.2483239 1.0083489 -0.16237270E-01 -0.79318316E-02
 7137.5861 1.2193194 0.98785896 1.2289933 0.99753267 -0.25060762E-01 -0.78979169E-02
 7138.5846 1.1897502 0.98005882 1.2000832 0.99039160 -0.31851894E-01 -0.41323036E-02
 7139.6032 1.1550682 0.97479163 1.1660726 0.98579572 -0.33396379E-01 0.59010964E-04
 7140.6387 1.1211524 0.97078183 1.1328380 0.98246726 -0.31730682E-01 0.18326504E-02
 7141.6925 1.0887733 0.96701541 1.1011514 0.97939326 -0.29567421E-01 0.22630361E-02
 7142.7649 1.0582852 0.96337435 1.0713667 0.97645563 -0.26918943E-01 0.25643726E-02
 7143.8590 1.0304534 0.95985355 1.0442515 0.97365142 -0.24011710E-01 0.24482892E-02
 7144.9766 1.0051771 0.95645481 1.0197060 0.97098341 -0.21503924E-01 0.19498323E-02
 7146.1095 0.98205993 0.95320825 0.99732819 0.96847631 -0.19623710E-01 0.13026578E-02
 7147.2576 0.96041698 0.95011640 0.97643336 0.96613258 -0.18532662E-01 0.71532835E-03
 7148.4242 0.93916180 0.94717340 0.95593708 0.96394849 -0.17967917E-01 0.29906296E-03
 7149.6128 0.91809919 0.94437524 0.93564625 0.96192212 -0.17828313E-01 -0.67757367E-05
 7150.8216 0.89642138 0.94173014 0.91475195 0.96006053 -0.17984161E-01 0.33181077E-04
 7152.0473 0.87431562 0.93924796 0.89343925 0.95837141 -0.17747532E-01 0.56855870E-03
 7153.2934 0.85255244 0.93692414 0.87248077 0.95685230 -0.16578779E-01 0.12092841E-02
 7154.5614 0.83263476 0.93475846 0.85338041 0.95550394 -0.14707260E-01 0.18654189E-02
 7155.8448 0.81502746 0.93276336 0.83659875 0.95433449 -0.11819237E-01 0.26538719E-02
 7157.1470 0.80207564 0.93093357 0.82448296 0.95334073 -0.78455655E-02 0.29855885E-02
 7158.4695 0.79443574 0.92926715 0.81769049 0.95252175 -0.39831659E-02 0.28124883E-02
 7159.8091 0.79147202 0.92776777 0.81558342 0.95187901 -0.35841778E-03 0.28134955E-02
 7161.1674 0.79346873 0.92643208 0.81844699 0.95141017 0.36075604E-02 0.27908815E-02
 7162.5479 0.80135259 0.92525566 0.82720997 0.95111288 0.72853908E-02 0.22909253E-02
 7163.9505 0.81374470 0.92423730 0.84049339 0.95098584 0.99834324E-02 0.16385948E-02
 7165.3654 0.82948026 0.92338043 0.85712608 0.95102608 0.11902025E-01 0.10625925E-02
 7166.7990 0.84764755 0.92267592 0.87620046 0.95122866 0.13010221E-01 0.64275870E-03
 7168.2549 0.86707409 0.92211806 0.89654609 0.95158989 0.13759316E-01 0.40267438E-03
 7169.7281 0.88794877 0.92170357 0.91834865 0.95210327 0.14189660E-01 -0.83067401E-04
 7171.2201 0.90914917 0.92142546 0.94048669 0.95276280 0.13513005E-01 -0.35695063E-03
 7172.7361 0.92859689 0.92127635 0.96088487 0.95356415 0.13115926E-01 -0.73170189E-03
 7174.2745 0.94920964 0.92124937 0.98245978 0.95449932 0.11278140E-01 -0.20360193E-02
 7175.8235 0.96341631 0.92133515 0.99763297 0.95555161 0.68300480E-02 -0.24499063E-02
 7177.3915 0.97049925 0.92152338 1.0056919 0.95671584 0.36416571E-02 -0.14046588E-02
 7178.9819 0.97491839 0.92180392 1.0110985 0.95798386 0.23934711E-02 -0.67952690E-03
 7180.5865 0.97814625 0.92216333 1.0153201 0.95933699 0.14706074E-02 -0.60631820E-03
 7182.2117 0.97966815 0.92258999 1.0178460 0.96076768 0.43518521E-03 -0.49212548E-03
 7183.8595 0.97957063 0.92307064 1.0187638 0.96226362 -0.14014389E-03 -0.23684893E-03
 7185.5264 0.97920362 0.92358930 1.0194212 0.96380667 -0.34989510E-03 -0.85369223E-04
 7187.2092 0.97839859 0.92412858 1.0196475 0.96537733 -0.42610526E-03 -0.80877533E-04
 7188.9095 0.97776207 0.92467156 1.0200503 0.96695964 -0.62351139E-03 -0.18706651E-03
 7190.6341 0.97626313 0.92520170 1.0196027 0.96854106 -0.10667892E-02 -0.23848953E-03
 7192.3763 0.97406376 0.92569694 1.0184624 0.97009536 -0.14502979E-02 -0.18545502E-03
 7194.1361 0.97118420 0.92613951 1.0166496 0.97160469 -0.17162510E-02 -0.10287387E-03
 7195.9186 0.96798429 0.92652622 1.0145271 0.97306884 -0.18147078E-02 -0.10646726E-03
 7197.7188 0.96468271 0.92685535 1.0123105 0.97448296 -0.20976875E-02 -0.16139381E-03
 7199.5400 0.96038769 0.92712704 1.0091099 0.97584910 -0.23991821E-02 -0.14633742E-03
 7201.3807 0.95589713 0.92734055 1.0057222 0.97716546 -0.26335614E-02 -0.13977974E-03
 7203.2324 0.95066357 0.92749499 1.0015948 0.97842603 -0.29153025E-02 -0.14125134E-03
 7205.1053 0.94503882 0.92759127 0.99708541 0.97963767 -0.31596649E-02 -0.77567087E-04
 7206.9993 0.93876133 0.92762904 0.99193242 0.98079994 -0.32074923E-02 0.62677397E-04
 7208.9112 0.93283118 0.92760816 0.98713382 0.98191061 -0.29211163E-02 0.12749617E-03
 7210.8478 0.92751957 0.92752838 0.98296469 0.98297331 -0.27168300E-02 0.10562578E-03
 7212.7988 0.92226918 0.92739020 0.97886167 0.98398250 -0.25104834E-02 0.11904372E-03
 7214.7662 0.91768239 0.92719404 0.97542805 0.98493952 -0.22503647E-02 0.12710732E-03
 7216.7583 0.91335905 0.92693926 0.97226852 0.98584854 -0.20072124E-02 0.15392787E-03
 7218.7700 0.90964584 0.92662664 0.96972671 0.98670732 -0.16340625E-02 0.15204177E-03
 7220.7965 0.90676037 0.92625765 0.96801717 0.98751427 -0.13932364E-02 0.76701178E-04
 7222.8410 0.90397405 0.92583250 0.96641322 0.98827149 -0.13218161E-02 0.56803483E-04
 7224.9087 0.90132480 0.92535074 0.96495559 0.98898135 -0.11596496E-02 0.93231307E-04
 7226.9945 0.89915744 0.92481427 0.96398607 0.98964272 -0.93457950E-03 0.89977106E-04
 7229.1002 0.89740751 0.92422359 0.96344109 0.99025699 -0.78250983E-03 0.87776710E-04
 7231.2241 0.89584776 0.92358025 0.96309232 0.99082463 -0.56332114E-03 0.11106262E-03
 7233.3645 0.89500532 0.92288606 0.96346584 0.99134640 -0.30890259E-03 0.13752125E-03
 7235.5283 0.89451817 0.92214005 0.96420338 0.99182507 0.28601111E-04 0.13600551E-03
 7237.7087 0.89512957 0.92134593 0.96604424 0.99226042 0.28193090E-03 0.11850597E-03
 7239.9125 0.89575422 0.92050273 0.96790686 0.99265518 0.54815844E-03 0.12140332E-03
 7242.1347 0.89755574 0.91961398 0.97095186 0.99300993 0.81926659E-03 0.61593202E-04
 7244.3651 0.89940211 0.91868588 0.97404148 0.99332506 0.82241030E-03 0.29477207E-04
 7246.6191 0.90124374 0.91771414 0.97713453 0.99360474 0.95145368E-03 0.62303203E-04
 7248.8966 0.90371362 0.91670064 0.98086389 0.99385073 0.11047371E-02 0.35390924E-04
 7251.1944 0.90629824 0.91564903 0.98471405 0.99406465 0.11133776E-02 0.41652743E-05
 7253.5107 0.90885082 0.91456244 0.98853716 0.99424860 0.11239559E-02 -0.61834764E-05
 7255.8439 0.91152407 0.91344426 0.99248492 0.99440492 0.10846275E-02 -0.29415889E-04
 7258.1940 0.91393046 0.91229722 0.99616968 0.99453626 0.98619246E-03 -0.75034526E-04
 7260.5645 0.91617948 0.91112250 0.99970269 0.99464553 0.73042100E-03 -0.88605849E-04
 7262.9571 0.91740949 0.90992220 1.0022231 0.99473564 0.56415801E-03 -0.68965898E-04
 7265.3667 0.91888867 0.90870204 1.0049962 0.99480942 0.39923358E-03 -0.94839402E-04
 7267.7968 0.91934166 0.90746360 1.0067484 0.99487020 0.10516385E-03 -0.99196183E-04
 7270.2457 0.91940176 0.90621127 1.0081120 0.99492130 -0.84743602E-04 -0.85863894E-04
 7272.7117 0.91892515 0.90494957 1.0089420 0.99496623 -0.31685169E-03 -0.81449574E-04
 7275.1966 0.91783304 0.90368146 1.0091605 0.99500877 -0.48799678E-03 -0.61140048E-04
 7277.6987 0.91649149 0.90241183 1.0091326 0.99505277 -0.62175986E-03 -0.49294601E-04
 7280.2233 0.91470768 0.90114220 1.0086680 0.99510234 -0.73578319E-03 -0.44140733E-04
 7282.7685 0.91276125 0.89987577 1.0080453 0.99515963 -0.84554260E-03 -0.43071321E-04
 7285.3311 0.91038882 0.89861436 1.0069992 0.99522457 -0.95578297E-03 -0.36105574E-04
 7287.9110 0.90784615 0.89735793 1.0057854 0.99529701 -0.10312151E-02 -0.18286318E-04
 7290.5118 0.90504641 0.89610477 1.0043187 0.99537688 -0.10505187E-02 -0.50959059E-05
 7293.1351 0.90235809 0.89485406 1.0029683 0.99546409 -0.10578368E-02 0.69052344E-07
 7295.7725 0.89948136 0.89360985 1.0014299 0.99555819 -0.10501554E-02 0.11035794E-04
 7298.4275 0.89680032 0.89237039 1.0000892 0.99565908 -0.99943171E-03 0.37388238E-05
 7301.1051 0.89415181 0.89113321 0.99878554 0.99576676 -0.10302178E-02 0.25582254E-05
 7303.7969 0.89126861 0.88990220 0.99724724 0.99588066 -0.98569542E-03 0.22738070E-04
 7306.5133 0.88882102 0.88867254 0.99614966 0.99600100 -0.90724690E-03 0.19763132E-04
 7309.2508 0.88632062 0.88744571 0.99500250 0.99612740 -0.87791037E-03 0.21862073E-04
 7312.0008 0.88400347 0.88622544 0.99403741 0.99625920 -0.78727844E-03 0.24763557E-04
 7314.7720 0.88197385 0.88500773 0.99336281 0.99639652 -0.74118416E-03 0.23590339E-04
 7317.5645 0.87987970 0.88379244 0.99262651 0.99653908 -0.65602741E-03 0.34105482E-04
 7320.3766 0.87829707 0.88258019 0.99240356 0.99668651 -0.55003606E-03 0.17063426E-04
 7323.2049 0.87677730 0.88137227 0.99224351 0.99683830 -0.55978373E-03 0.71377770E-05
 7326.0546 0.87511867 0.88016625 0.99194698 0.99699438 -0.50950844E-03 0.31234590E-04
 7328.9222 0.87386430 0.87896341 0.99205531 0.99715424 -0.38120674E-03 0.37807821E-04
 7331.8078 0.87292548 0.87776351 0.99247964 0.99731749 -0.29198984E-03 0.19533971E-04
 7334.7133 0.87217336 0.87656557 0.99309183 0.99748386 -0.26808389E-03 0.68404932E-05
 7337.6385 0.87136236 0.87536936 0.99364612 0.99765295 -0.25210480E-03 0.46439392E-05
 7340.5837 0.87069339 0.87417461 0.99434330 0.99782434 -0.24082183E-03 0.50124890E-05
 7343.5436 0.86994029 0.87298313 0.99495463 0.99799729 -0.22250582E-03 0.88031540E-05
 7346.5252 0.86937138 0.87179179 0.99575152 0.99817176 -0.18851819E-03 0.45651254E-05
 7349.5286 0.86881202 0.87060031 0.99655917 0.99834729 -0.19518368E-03 -0.17326573E-05
 7352.5503 0.86819539 0.86940973 0.99730901 0.99852318 -0.19895757E-03 -0.65974571E-05
 7355.5903 0.86760598 0.86821970 0.99808539 0.99869893 -0.23517591E-03 -0.75152089E-05
 7358.6488 0.86676115 0.86702982 0.99860551 0.99887401 -0.24478941E-03 -0.10996196E-05
 7361.7257 0.86610410 0.86583971 0.99931244 0.99904788 -0.24192253E-03 -0.52271536E-05
 7364.8212 0.86526792 0.86464896 0.99983912 0.99921998 -0.27705334E-03 -0.90205506E-05
 7367.9369 0.86438327 0.86345645 1.0003168 0.99938983 -0.29795079E-03 -0.46307171E-05
 7371.0713 0.86340570 0.86226241 1.0007002 0.99955673 -0.30599570E-03 0.41123444E-05
 7374.2242 0.86245938 0.86106638 1.0011132 0.99972005 -0.27209519E-03 0.21147394E-05
 7377.3994 0.86168384 0.85986653 1.0016968 0.99987933 -0.29261326E-03 -0.40839687E-05
 7380.5916 0.86059621 0.85866436 1.0019657 1.0000336 -0.29809928E-03 -0.17983345E-05
 7383.8008 0.85977560 0.85745933 1.0024987 1.0001823 -0.30412502E-03 -0.34084233E-05
 7387.0305 0.85863796 0.85624958 1.0027133 1.0003248 -0.32004597E-03 -0.32486254E-05
 7390.2792 0.85770221 0.85503519 1.0031274 1.0004602 -0.32517101E-03 -0.75920969E-05
 7393.5468 0.85651907 0.85381557 1.0032916 1.0005879 -0.36951781E-03 -0.10223787E-04
 7396.8351 0.85527968 0.85258946 1.0033976 1.0007072 -0.39219714E-03 -0.10474809E-04
 7400.1424 0.85393227 0.85135688 1.0033927 1.0008171 -0.43860620E-03 -0.11273540E-04
 7403.4689 0.85237007 0.85011730 1.0031700 1.0009170 -0.46698318E-03 -0.78520090E-05
 7406.8144 0.85081657 0.84887087 1.0029528 1.0010069 -0.49099451E-03 -0.84312975E-05
 7410.1773 0.84907625 0.84761858 1.0025447 1.0010868 -0.52354431E-03 -0.29945070E-05
 7413.5595 0.84728523 0.84636015 1.0020824 1.0011571 -0.51119270E-03 0.19591724E-05
 7416.9627 0.84560763 0.84509527 1.0017305 1.0012180 -0.51025064E-03 -0.49277442E-05
 7420.3870 0.84380148 0.84382435 1.0012469 1.0012696 -0.54483692E-03 -0.31888088E-05
 7423.8253 0.84186861 0.84255041 1.0006305 1.0013121 -0.53213426E-03 0.81465063E-05
 7427.2813 0.84013281 0.84127256 1.0002062 1.0013458 -0.48867271E-03 0.10219842E-04
 7430.7585 0.83848057 0.83998990 0.99986183 1.0013710 -0.46127853E-03 0.82672370E-05
 7434.2570 0.83691506 0.83870286 0.99960029 1.0013879 -0.43100277E-03 0.44460693E-05
 7437.7751 0.83545639 0.83741256 0.99944085 1.0013968 -0.43008219E-03 -0.22671828E-05
 7441.3092 0.83388202 0.83612079 0.99915946 1.0013981 -0.44699144E-03 -0.18216534E-05
 7444.8666 0.83228654 0.83482539 0.99885317 1.0013919 -0.44300050E-03 0.96699486E-05
 7448.4419 0.83072222 0.83352883 0.99857210 1.0013785 -0.37801829E-03 0.94207832E-05
 7452.0317 0.82957802 0.83223293 0.99870376 1.0013585 -0.37550017E-03 -0.61224891E-06
 7455.6448 0.82801754 0.83093494 0.99841477 1.0013320 -0.38242823E-03 0.94316516E-05
 7459.2760 0.82680757 0.82963736 0.99846982 1.0012994 -0.30717372E-03 0.12967309E-04
 7462.9236 0.82578169 0.82834138 0.99870170 1.0012612 -0.28804195E-03 0.14678359E-05
 7466.5911 0.82470051 0.82704628 0.99887207 1.0012177 -0.29643635E-03 0.33198178E-05
 7470.2787 0.82360136 0.82575265 0.99901809 1.0011692 -0.26362425E-03 0.62797653E-05
 7473.9864 0.82275094 0.82446109 0.99940624 1.0011162 -0.24999576E-03 0.29754581E-05
 7477.7161 0.82174206 0.82317160 0.99962973 1.0010591 -0.24149474E-03 0.47938620E-05
 7481.4641 0.82094511 0.82188608 1.0000576 1.0009984 -0.21414862E-03 0.12311423E-05
 7485.2270 0.82013360 0.82060640 1.0004619 1.0009345 -0.23224772E-03 -0.12751846E-05
 7489.0102 0.81919256 0.81933136 1.0007293 1.0008680 -0.22377123E-03 0.53931284E-05
 7492.8101 0.81843672 0.81806287 1.0011732 1.0007992 -0.19135109E-03 0.33458946E-05
 7496.6304 0.81773441 0.81680040 1.0016629 1.0007288 -0.19827468E-03 -0.93127603E-05
 7500.4731 0.81691735 0.81554409 1.0020305 1.0006570 -0.26271460E-03 -0.12045787E-04
 7504.3326 0.81571094 0.81429646 1.0019993 1.0005847 -0.29105348E-03 -0.23167814E-05
 7508.2109 0.81466523 0.81305766 1.0021200 1.0005123 -0.28064146E-03 -0.43740902E-05
 7512.1117 0.81352781 0.81182730 1.0021409 1.0004402 -0.32507987E-03 -0.53296621E-05
 7516.0295 0.81212355 0.81060792 1.0018851 1.0003693 -0.32231201E-03 0.44504673E-05
 7519.9644 0.81099677 0.80940029 1.0018967 1.0003000 -0.29013145E-03 0.36137841E-05
 7523.9202 0.80983422 0.80820411 1.0018633 1.0002330 -0.29379684E-03 0.47343115E-06
 7527.8931 0.80866734 0.80702133 1.0018151 1.0001690 -0.28637776E-03 0.12569942E-05
 7531.8852 0.80755323 0.80585224 1.0018096 1.0001084 -0.28378491E-03 0.12541506E-05
 7535.8982 0.80639563 0.80469721 1.0017507 1.0000521 -0.27633820E-03 0.24974395E-05
 7539.9323 0.80532950 0.80355715 1.0017732 1.0000007 -0.26368772E-03 -0.55282913E-06
 7543.9856 0.80426307 0.80243353 1.0017847 0.99995497 -0.28080917E-03 -0.33622121E-05
 7548.0565 0.80304816 0.80132777 1.0016361 0.99991559 -0.29100295E-03 -0.46385674E-06
 7552.1448 0.80188872 0.80024083 1.0015314 0.99988333 -0.28459387E-03 0.10198729E-05
 7556.2526 0.80071558 0.79917315 1.0014015 0.99985893 -0.28264393E-03 0.27712696E-05
 7560.3799 0.79956113 0.79812547 1.0012787 0.99984288 -0.26177228E-03 0.16906019E-05
 7564.5249 0.79855014 0.79709763 1.0012870 0.99983438 -0.26865885E-03 -0.23872423E-06
 7568.6894 0.79732870 0.79608820 1.0010729 0.99983222 -0.26375596E-03 0.37128476E-06
 7572.8737 0.79634809 0.79509617 1.0010873 0.99983517 -0.26555906E-03 -0.12378118E-05
 7577.0758 0.79510163 0.79412093 1.0008228 0.99984196 -0.27413665E-03 -0.18409531E-05
 7581.2976 0.79403878 0.79316095 1.0007293 0.99985129 -0.28106717E-03 -0.43768630E-05
 7585.5393 0.79272280 0.79221514 1.0003696 0.99986182 -0.31118054E-03 -0.24749400E-05
 7589.7972 0.79139388 0.79128315 0.99998304 0.99987216 -0.30210307E-03 0.39866697E-05
 7594.0769 0.79014359 0.79036257 0.99966208 0.99988091 -0.27714420E-03 0.22804337E-05
 7598.3766 0.78901616 0.78945260 0.99945032 0.99988661 -0.28253837E-03 -0.36761285E-06
 7602.6926 0.78770932 0.78855274 0.99904450 0.99988776 -0.28031145E-03 0.18301449E-05
 7607.0325 0.78658980 0.78766015 0.99881265 0.99988284 -0.26669679E-03 0.14072204E-05
 7611.3888 0.78539006 0.78677503 0.99848545 0.99987026 -0.26807391E-03 0.27900328E-05
 7615.7635 0.78424924 0.78589561 0.99820222 0.99984844 -0.24233687E-03 0.89982195E-05
 7620.1585 0.78326483 0.78502010 0.99806058 0.99981570 -0.18916194E-03 0.11251296E-04
 7624.5683 0.78258371 0.78414816 0.99820611 0.99977040 -0.14327201E-03 0.47194347E-05
 7629.0003 0.78199805 0.78327680 0.99843215 0.99971075 -0.14743375E-03 -0.79289255E-05
 7633.4548 0.78127354 0.78240449 0.99850414 0.99963493 -0.21373229E-03 -0.73682564E-05
 7637.9260 0.78009035 0.78153076 0.99810097 0.99954122 -0.21320020E-03 0.24502838E-05
 7642.4159 0.77936303 0.78065362 0.99813730 0.99942774 -0.19177496E-03 -0.30893313E-05
 7646.9246 0.77836464 0.77977141 0.99788597 0.99929259 -0.24099999E-03 -0.37218931E-05
 7651.4522 0.77718529 0.77888243 0.99743684 0.99913382 -0.22540695E-03 0.69534980E-05
 7656.0005 0.77631887 0.77798454 0.99728385 0.99894937 -0.17789073E-03 0.48634851E-05
 7660.5659 0.77556404 0.77707673 0.99722482 0.99873736 -0.18108232E-03 -0.16562884E-05
 7665.1484 0.77466234 0.77615715 0.99700108 0.99849574 -0.19304232E-03 -0.23223206E-05
 7669.7538 0.77379038 0.77522279 0.99678983 0.99822208 -0.20241962E-03 -0.16145700E-05
 7674.3765 0.77279440 0.77427288 0.99643621 0.99791453 -0.20794165E-03 0.12855153E-05
 7679.0164 0.77186431 0.77330547 0.99612991 0.99757091 -0.19051246E-03 0.58329181E-05
 7683.6794 0.77102208 0.77231733 0.99589341 0.99718850 -0.15367842E-03 0.24558120E-05
 7688.3598 0.77042842 0.77130761 0.99588641 0.99676545 -0.16756676E-03 -0.29946671E-05
 7693.0596 0.76945027 0.77027381 0.99547583 0.99629922 -0.18176904E-03 0.11813768E-05
 7697.7808 0.76871598 0.76921333 0.99529001 0.99578720 -0.15643705E-03 0.52157229E-05
 7702.5157 0.76797099 0.76812572 0.99507322 0.99522780 -0.13244883E-03 0.26151120E-05
 7707.2701 0.76745913 0.76700745 0.99506973 0.99461790 -0.13162134E-03 -0.15654540E-05
 7712.0442 0.76671683 0.76585622 0.99481571 0.99395495 -0.14736531E-03 -0.53895899E-05
 7716.8419 0.76604859 0.76466871 0.99461576 0.99323572 -0.18320898E-03 0.78463158E-06
 7721.6612 0.76495491 0.76344291 0.99396987 0.99245771 -0.13981952E-03 0.45131898E-05
 7726.4946 0.76469896 0.76217839 0.99414024 0.99161952 -0.13964456E-03 -0.85163272E-05
 7731.3458 0.76360250 0.76087170 0.99344877 0.99071782 -0.22229702E-03 -0.21063942E-05
 7736.2151 0.76253810 0.75952033 0.99276777 0.98974984 -0.16011989E-03 0.50063664E-05
 7741.1063 0.76203965 0.75812058 0.99263115 0.98871192 -0.17343234E-03 -0.86340510E-05
 7746.0137 0.76083871 0.75667148 0.99176977 0.98760238 -0.24472175E-03 -0.14526926E-04
