   e         norm        nbkg        flat        fbkg        nder        nsec
  7045.0047       0.95465262E-03   0.95465256E-03   0.95465259E-03   0.95465256E-03  -0.74011579E-04   0.63317407E-16
  7046.0047       0.88064104E-03   0.88064099E-03   0.88064101E-03   0.88064099E-03  -0.74011579E-04   0.31631598E-16
  7047.0047       0.80662946E-03   0.80662941E-03   0.80662943E-03   0.80662941E-03  -0.74011579E-04  -0.31685808E-16
  7048.0047       0.73261788E-03   0.73261783E-03   0.73261786E-03   0.73261783E-03  -0.74011579E-04  -0.24162690E-07
  7049.0047       0.65860630E-03   0.65860626E-03   0.65860628E-03   0.65860626E-03  -0.74059904E-04  -0.67453561E-05
  7050.0047       0.58449807E-03   0.58449803E-03   0.58449805E-03   0.58449803E-03  -0.87502291E-04  -0.13418224E-04
  7051.0047       0.48360172E-03   0.48360168E-03   0.48360170E-03   0.48360168E-03  -0.10089635E-03  -0.73989726E-05
  7052.0047       0.38270537E-03   0.38270533E-03   0.38270535E-03   0.38270533E-03  -0.10230024E-03  -0.20985078E-05
  7053.0047       0.27900125E-03   0.27900121E-03   0.27900124E-03   0.27900121E-03  -0.10509337E-03  -0.20911898E-05
  7054.0047       0.17251863E-03   0.17251860E-03   0.17251862E-03   0.17251860E-03  -0.10648262E-03   0.89131634E-05
  7055.0047       0.66036014E-04   0.66035986E-04   0.66036012E-04   0.66035986E-04  -0.87267041E-04   0.19233025E-04
  7056.0047      -0.20154524E-05  -0.20154781E-05  -0.20154524E-05  -0.20154781E-05  -0.68016566E-04   0.78086734E-05
  7057.0047      -0.69997117E-04  -0.69997140E-04  -0.69997115E-04  -0.69997140E-04  -0.71649695E-04  -0.55207773E-05
  7058.0047      -0.14531484E-03  -0.14531486E-03  -0.14531484E-03  -0.14531486E-03  -0.79058120E-04  -0.55744107E-05
  7059.0047      -0.22811336E-03  -0.22811338E-03  -0.22811335E-03  -0.22811338E-03  -0.82798516E-04   0.12043165E-04
  7060.0047      -0.31091187E-03  -0.31091189E-03  -0.31091186E-03  -0.31091189E-03  -0.54971791E-04   0.27873702E-04
  7061.0047      -0.33805694E-03  -0.33805695E-03  -0.33805693E-03  -0.33805695E-03  -0.27051112E-04   0.10303837E-04
  7062.0047      -0.36501410E-03  -0.36501411E-03  -0.36501409E-03  -0.36501411E-03  -0.34364116E-04  -0.11094400E-04
  7063.0047      -0.40678517E-03  -0.40678518E-03  -0.40678516E-03  -0.40678518E-03  -0.49239913E-04  -0.11172319E-04
  7064.0047      -0.46349392E-03  -0.46349394E-03  -0.46349391E-03  -0.46349394E-03  -0.56708753E-04   0.63791421E-05
  7065.0047      -0.52020268E-03  -0.52020269E-03  -0.52020266E-03  -0.52020269E-03  -0.36481629E-04   0.20270311E-04
  7066.0047      -0.53645718E-03  -0.53645719E-03  -0.53645716E-03  -0.53645719E-03  -0.16168131E-04   0.93011929E-05
  7067.0047      -0.55253894E-03  -0.55253895E-03  -0.55253892E-03  -0.55253895E-03  -0.17879243E-04  -0.26654601E-05
  7068.0047      -0.57221567E-03  -0.57221568E-03  -0.57221565E-03  -0.57221568E-03  -0.21499052E-04  -0.27210662E-05
  7069.0047      -0.59553704E-03  -0.59553705E-03  -0.59553702E-03  -0.59553705E-03  -0.23321375E-04  -0.18972133E-05
  7070.0047      -0.61885842E-03  -0.61885842E-03  -0.61885840E-03  -0.61885842E-03  -0.25293478E-04  -0.19733102E-05
  7071.0047      -0.64612400E-03  -0.64612401E-03  -0.64612398E-03  -0.64612401E-03  -0.27267996E-04   0.45296438E-05
  7072.0047      -0.67339441E-03  -0.67339441E-03  -0.67339439E-03  -0.67339441E-03  -0.16234191E-04   0.16644144E-04
  7073.0047      -0.67859238E-03  -0.67859239E-03  -0.67859236E-03  -0.67859239E-03   0.60202914E-05   0.16736372E-04
  7074.0047      -0.66135383E-03  -0.66135383E-03  -0.66135381E-03  -0.66135383E-03   0.17238553E-04   0.37891679E-05
  7075.0047      -0.64411527E-03  -0.64411528E-03  -0.64411525E-03  -0.64411528E-03   0.13598627E-04  -0.36501181E-05
  7076.0047      -0.63415657E-03  -0.63415658E-03  -0.63415655E-03  -0.63415658E-03   0.99383171E-05   0.30318525E-05
  7077.0047      -0.62423864E-03  -0.62423865E-03  -0.62423862E-03  -0.62423865E-03   0.19662332E-04   0.14685724E-04
  7078.0047      -0.59483191E-03  -0.59483192E-03  -0.59483189E-03  -0.59483192E-03   0.39309765E-04   0.14775233E-04
  7079.0047      -0.54561911E-03  -0.54561912E-03  -0.54561909E-03  -0.54561912E-03   0.49212797E-04   0.83444041E-05
  7080.0047      -0.49640631E-03  -0.49640632E-03  -0.49640630E-03  -0.49640632E-03   0.55998573E-04   0.68005852E-05
  7081.0047      -0.43362197E-03  -0.43362198E-03  -0.43362195E-03  -0.43362198E-03   0.62813968E-04   0.11199475E-04
  7082.0047      -0.37077838E-03  -0.37077839E-03  -0.37077837E-03  -0.37077839E-03   0.78397523E-04   0.23498857E-04
  7083.0047      -0.27682692E-03  -0.27682694E-03  -0.27682691E-03  -0.27682694E-03   0.10981168E-03   0.23637191E-04
  7084.0047      -0.15115501E-03  -0.15115504E-03  -0.15115501E-03  -0.15115504E-03   0.12567191E-03   0.14908693E-04
  7085.0047      -0.25483109E-04  -0.25483134E-04  -0.25483108E-04  -0.25483134E-04   0.13962907E-03   0.13973805E-04
  7086.0047       0.12810312E-03   0.12810309E-03   0.12810312E-03   0.12810309E-03   0.15361952E-03   0.18441328E-04
  7087.0047       0.28175592E-03   0.28175589E-03   0.28175591E-03   0.28175589E-03   0.17651173E-03   0.34458849E-04
  7088.0047       0.48112657E-03   0.48112653E-03   0.48112656E-03   0.48112653E-03   0.22253721E-03   0.34596025E-04
  7089.0047       0.72683035E-03   0.72683030E-03   0.72683033E-03   0.72683030E-03   0.24570378E-03   0.22741872E-04
  7090.0047       0.97253413E-03   0.97253407E-03   0.97253410E-03   0.97253407E-03   0.26802096E-03   0.22367871E-04
  7091.0047       0.12628723E-02   0.12628722E-02   0.12628722E-02   0.12628722E-02   0.29043952E-03   0.15370352E-04
  7092.0047       0.15534132E-02   0.15534131E-02   0.15534131E-02   0.15534131E-02   0.29876166E-03   0.23263539E-04
  7092.7157       0.17740666E-02   0.17740665E-02   0.17740666E-02   0.17740665E-02   0.33024446E-03   0.49389256E-04
  7093.2157       0.19533537E-02   0.19533536E-02   0.19533537E-02   0.19533536E-02   0.35857422E-03   0.28329768E-04
  7093.7157       0.21326408E-02   0.21326407E-02   0.21326408E-02   0.21326407E-02   0.35857422E-03   0.12641797E-15
  7094.2157       0.23119280E-02   0.23119279E-02   0.23119279E-02   0.23119279E-02   0.35857422E-03   0.27143447E-04
  7094.7157       0.24912151E-02   0.24912150E-02   0.24912150E-02   0.24912150E-02   0.38571767E-03   0.93299537E-04
  7095.2157       0.26976456E-02   0.26976455E-02   0.26976455E-02   0.26976455E-02   0.45187376E-03   0.10516873E-03
  7095.7157       0.29430888E-02   0.29430887E-02   0.29430887E-02   0.29430887E-02   0.49088640E-03   0.39012643E-04
  7096.2157       0.31885320E-02   0.31885319E-02   0.31885319E-02   0.31885319E-02   0.49088640E-03   0.12620113E-15
  7096.7157       0.34339752E-02   0.34339751E-02   0.34339751E-02   0.34339751E-02   0.49088640E-03   0.32440761E-04
  7097.2157       0.36794184E-02   0.36794183E-02   0.36794183E-02   0.36794183E-02   0.52332717E-03   0.11158078E-03
  7097.7157       0.39573024E-02   0.39573022E-02   0.39573023E-02   0.39573022E-02   0.60246719E-03   0.12583928E-03
  7098.2157       0.42818856E-02   0.42818855E-02   0.42818855E-02   0.42818855E-02   0.64916645E-03   0.46699260E-04
  7098.7157       0.46064688E-02   0.46064687E-02   0.46064687E-02   0.46064687E-02   0.64916645E-03   0.12663481E-15
  7099.2157       0.49310521E-02   0.49310519E-02   0.49310519E-02   0.49310519E-02   0.64916645E-03   0.34848520E-04
  7099.7157       0.52556353E-02   0.52556351E-02   0.52556351E-02   0.52556351E-02   0.68401497E-03   0.11935436E-03
  7100.2157       0.56150670E-02   0.56150668E-02   0.56150669E-02   0.56150668E-02   0.76852081E-03   0.13416317E-03
  7100.7157       0.60241561E-02   0.60241559E-02   0.60241559E-02   0.60241559E-02   0.81817814E-03   0.49657324E-04
  7101.2157       0.64332452E-02   0.64332449E-02   0.64332450E-02   0.64332449E-02   0.81817814E-03   0.12750218E-15
  7101.7157       0.68423342E-02   0.68423340E-02   0.68423340E-02   0.68423340E-02   0.81817814E-03   0.40624960E-04
  7102.2157       0.72514233E-02   0.72514230E-02   0.72514231E-02   0.72514230E-02   0.85880310E-03   0.97484120E-04
  7102.7157       0.77011373E-02   0.77011371E-02   0.77011371E-02   0.77011371E-02   0.91566226E-03   0.73093360E-04
  7103.2157       0.81670856E-02   0.81670853E-02   0.81670853E-02   0.81670853E-02   0.93189646E-03   0.40679233E-04
  7103.7157       0.86330338E-02   0.86330335E-02   0.86330335E-02   0.86330335E-02   0.95634149E-03   0.14031914E-03
  7104.2157       0.91234270E-02   0.91234267E-02   0.91234268E-02   0.91234267E-02   0.10722156E-02   0.41938510E-03
  7104.7157       0.97052494E-02   0.97052491E-02   0.97052491E-02   0.97052491E-02   0.13757266E-02   0.45254843E-03
  7105.2157       0.10499154E-01   0.10499153E-01   0.10499153E-01   0.10499153E-01   0.15247640E-02   0.13005016E-03
  7105.7157       0.11230013E-01   0.11230013E-01   0.11230013E-01   0.11230013E-01   0.15057767E-02  -0.14159851E-04
  7106.2157       0.12004930E-01   0.12004930E-01   0.12004930E-01   0.12004930E-01   0.15106042E-02   0.23583311E-04
  7106.7157       0.12740618E-01   0.12740617E-01   0.12740617E-01   0.12740617E-01   0.15293601E-02   0.29056351E-03
  7107.2157       0.13534290E-01   0.13534290E-01   0.13534290E-01   0.13534290E-01   0.18011677E-02   0.66429757E-03
  7107.7157       0.14541785E-01   0.14541785E-01   0.14541785E-01   0.14541785E-01   0.21936576E-02   0.64717406E-03
  7108.2157       0.15727948E-01   0.15727948E-01   0.15727948E-01   0.15727948E-01   0.24483417E-02   0.71705736E-03
  7108.7157       0.16990127E-01   0.16990126E-01   0.16990126E-01   0.16990126E-01   0.29107150E-02   0.12817729E-02
  7109.2157       0.18638663E-01   0.18638662E-01   0.18638662E-01   0.18638662E-01   0.37301146E-02   0.22318112E-02
  7109.7157       0.20720242E-01   0.20720241E-01   0.20720241E-01   0.20720241E-01   0.51425262E-02   0.41825127E-02
  7110.2157       0.23781189E-01   0.23781188E-01   0.23781188E-01   0.23781188E-01   0.79126273E-02   0.68571982E-02
  7110.7157       0.28632869E-01   0.28632868E-01   0.28632868E-01   0.28632868E-01   0.11999724E-01   0.12362470E-01
  7111.2157       0.35780914E-01   0.35780912E-01   0.35780912E-01   0.35780912E-01   0.20275097E-01   0.22143981E-01
  7111.7157       0.48907966E-01   0.48907964E-01   0.48907964E-01   0.48907964E-01   0.34143706E-01   0.17757112E-01
  7112.2157       0.69924619E-01   0.69924617E-01   0.69924617E-01   0.69924617E-01   0.38032209E-01  -0.11280622E-01
  7112.7157       0.86940175E-01   0.86940172E-01   0.86940173E-01   0.86940172E-01   0.22863084E-01  -0.31236895E-01
  7113.2157       0.92787703E-01   0.92787700E-01   0.92787700E-01   0.92787700E-01   0.67953140E-02  -0.29857273E-01
  7113.7157       0.93735489E-01   0.93735486E-01   0.93735486E-01   0.93735486E-01  -0.69941898E-02  -0.29609054E-01
  7114.2157       0.85793513E-01   0.85793510E-01   0.85793510E-01   0.85793510E-01  -0.22813740E-01  -0.17007058E-01
  7114.7157       0.70921750E-01   0.70921747E-01   0.70921747E-01   0.70921747E-01  -0.24001248E-01   0.12994317E-01
  7115.2157       0.61792265E-01   0.61792263E-01   0.61792263E-01   0.61792263E-01  -0.98194231E-02   0.27446950E-01
  7115.7157       0.61102326E-01   0.61102325E-01   0.61102325E-01   0.61102325E-01   0.34457017E-02   0.20787389E-01
  7116.2157       0.65237966E-01   0.65237964E-01   0.65237964E-01   0.65237964E-01   0.10967966E-01   0.12230080E-01
  7116.7157       0.72070292E-01   0.72070290E-01   0.72070290E-01   0.72070290E-01   0.15675782E-01   0.91422504E-02
  7117.2157       0.80913748E-01   0.80913746E-01   0.80913746E-01   0.80913746E-01   0.20110216E-01   0.98446272E-02
  7117.7157       0.92180508E-01   0.92180505E-01   0.92180505E-01   0.92180505E-01   0.25520409E-01   0.12021000E-01
  7118.2157       0.10643416       0.10643415       0.10643415       0.10643415       0.32131216E-01   0.15232501E-01
  7118.7157       0.12431172       0.12431172       0.12431172       0.12431172       0.40752910E-01   0.20972633E-01
  7119.2157       0.14718707       0.14718706       0.14718706       0.14718706       0.53103849E-01   0.26426174E-01
  7119.7157       0.17741557       0.17741557       0.17741557       0.17741557       0.67179083E-01   0.28747949E-01
  7120.2157       0.21436615       0.21436614       0.21436614       0.21436614       0.81851798E-01   0.31686256E-01
  7120.7157       0.25926737       0.25926736       0.25926736       0.25926736       0.98865339E-01   0.36141893E-01
  7121.2157       0.31323149       0.31323148       0.31323148       0.31323148       0.11799369       0.35260255E-01
  7121.7157       0.37726106       0.37726105       0.37726105       0.37726105       0.13412559       0.26245545E-01
  7122.2157       0.44735708       0.44735707       0.44735707       0.44735707       0.14423924       0.99149030E-02
  7122.7157       0.52150030       0.52150028       0.52150031       0.52150031       0.14404050      -0.13294563E-01
  7123.2157       0.59139758        1.0306159       0.59136957        1.0305879       0.13094467      -0.30071323E-01
  7123.7157       0.65244497        1.0264617       0.65238999        1.0264067       0.11396917      -0.28853326E-01
  7124.2157       0.70536676        1.0224359       0.70528586        1.0223550       0.10209135      -0.19115549E-01
  7124.7157       0.75453632        1.0185358       0.75443058        1.0184301       0.94853625E-01  -0.15415301E-01
  7125.2157       0.80022038        1.0147587       0.80009086        1.0146292       0.86676047E-01  -0.15176118E-01
  7125.7157       0.84121237        1.0111018       0.84106012        1.0109495       0.79677507E-01  -0.12331872E-01
  7126.2157       0.87989789        1.0075622       0.87972398        1.0073883       0.74344175E-01  -0.75485383E-02
  7126.7157       0.91555654        1.0041373       0.91536203        1.0039428       0.72128969E-01  -0.13869419E-01
  7127.2157       0.95202686        1.0008243       0.95181280        1.0006102       0.60474756E-01  -0.29128582E-01
  7127.7157       0.97603130       0.99762033       0.97579876       0.99738782       0.43000387E-01  -0.25606087E-01
  7128.2157       0.99502724       0.99452271       0.99477729       0.99427279       0.34868669E-01  -0.17454740E-01
  7128.7157        1.0109000       0.99152865        1.0106337       0.99126237       0.25545646E-01  -0.18869940E-01
  7129.2157        1.0205729       0.98863538        1.0202913       0.98835380       0.15998729E-01  -0.15270459E-01
  7129.7157        1.0268987       0.98584011        1.0266028       0.98554430       0.10275187E-01  -0.11739522E-01
  7130.2157        1.0308481       0.98314010        1.0305391       0.98283111       0.42592070E-02  -0.10436745E-01
  7130.7157        1.0311579       0.98053256        1.0308368       0.98021145      -0.16155780E-03  -0.69691927E-02
  7131.2157        1.0306865       0.97801472        1.0303543       0.97768256      -0.27099856E-02  -0.41374816E-02
  7131.7157        1.0284479       0.97558382        1.0281057       0.97524167      -0.42990394E-02  -0.11634363E-02
  7132.2157        1.0263875       0.97323709        1.0260364       0.97288600      -0.38734219E-02   0.84180528E-03
  7132.7157        1.0245745       0.97097175        1.0242155       0.97061279      -0.34572342E-02   0.68882798E-03
  7133.2157        1.0229302       0.96878503        1.0225644       0.96841927      -0.31845939E-02   0.12248796E-02
  7133.7157        1.0213899       0.96667417        1.0210184       0.96630266      -0.22323545E-02   0.20409569E-02
  7134.2157        1.0206979       0.96463640        1.0203217       0.96426019      -0.11436371E-02   0.12242822E-02
  7134.7157        1.0202463       0.96266894        1.0198664       0.96228911      -0.10080724E-02   0.19882677E-04
  7135.2157        1.0196898       0.96076902        1.0193074       0.96038663      -0.11237544E-02  -0.14746026E-02
  7135.7157        1.0191225       0.95893388        1.0187386       0.95854998      -0.24826749E-02  -0.27293945E-02
  7136.2157        1.0172071       0.95716075        1.0168228       0.95677640      -0.38531489E-02  -0.16640022E-02
  7136.7157        1.0152694       0.95544685        1.0148856       0.95506312      -0.41466772E-02  -0.61561699E-03
  7137.2157        1.0130605       0.95378941        1.0126784       0.95340736      -0.44687659E-02  -0.18531814E-02
  7137.7157        1.0108006       0.95218567        1.0104213       0.95180636      -0.59998586E-02  -0.30112092E-02
  7138.2157        1.0070606       0.95063285        1.0066851       0.95025734      -0.74799750E-02  -0.21111779E-02
  7138.7157        1.0033206       0.94912819        1.0029499       0.94875754      -0.81110365E-02  -0.12685152E-02
  7139.2157       0.99894957       0.94766892       0.99858481       0.94730419      -0.87484903E-02  -0.20042722E-02
  7139.7157       0.99457213       0.94625226       0.99421435       0.94589451      -0.10115309E-01  -0.28567687E-02
  7140.2157       0.98883426       0.94487546       0.98848452       0.94452575      -0.11605259E-01  -0.59759478E-03
  7140.7157       0.98296687       0.94353671       0.98262623       0.94319611      -0.10712903E-01   0.21604327E-02
  7141.2157       0.97812136       0.94223550       0.97779089       0.94190506      -0.94448263E-02   0.17086888E-02
  7141.7157       0.97352204       0.94097141       0.97320280       0.94065220      -0.90042146E-02   0.74040474E-03
  7142.2157       0.96911714       0.93974404       0.96881018       0.93943711      -0.87044216E-02   0.77563557E-03
  7142.7157       0.96481762       0.93855296       0.96452401       0.93825938      -0.82285790E-02   0.13097329E-02
  7143.2157       0.96088856       0.93739777       0.96060936       0.93711860      -0.73946887E-02   0.12590253E-02
  7143.7157       0.95742293       0.93627805       0.95715920       0.93601435      -0.69695537E-02   0.23952695E-03
  7144.2157       0.95391901       0.93519339       0.95367181       0.93494622      -0.71551617E-02  -0.33292465E-03
  7144.7157       0.95026777       0.93414338       0.95003816       0.93391380      -0.73024784E-02   0.58426741E-03
  7145.2157       0.94661653       0.93312761       0.94640557       0.93291667      -0.65708943E-02   0.15116143E-02
  7145.7157       0.94369688       0.93214565       0.94350563       0.93195443      -0.57908641E-02   0.68799389E-03
  7146.2157       0.94082567       0.93119711       0.94065519       0.93102666      -0.58829004E-02  -0.31771742E-03
  7146.7157       0.93781398       0.93028156       0.93766533       0.93013294      -0.61085815E-02  -0.42272339E-03
  7147.2157       0.93471709       0.92939859       0.93459134       0.92927287      -0.63056238E-02  -0.61651031E-03
  7147.7157       0.93150835       0.92854779       0.93140656       0.92844603      -0.67250918E-02  -0.72709246E-03
  7148.2157       0.92799200       0.92772875       0.92791522       0.92765201      -0.70327162E-02  -0.65530907E-03
  7148.7157       0.92447564       0.92694106       0.92442494       0.92689039      -0.73804009E-02  -0.74566985E-03
  7149.2157       0.92061159       0.92618429       0.92058804       0.92616076      -0.77783861E-02  -0.40047885E-03
  7149.7157       0.91669725       0.92545805       0.91670189       0.92546272      -0.77808797E-02   0.10779875E-03
  7150.2157       0.91283071       0.92476191       0.91286462       0.92479584      -0.76705873E-02   0.17277789E-03
  7150.7157       0.90902666       0.92409546       0.90909089       0.92415971      -0.76081018E-02   0.58698865E-04
  7151.2157       0.90522261       0.92345830       0.90531822       0.92355393      -0.76118885E-02  -0.77337040E-05
  7151.7157       0.90141478       0.92285000       0.90154282       0.92297808      -0.76158355E-02  -0.13185223E-03
  7152.2157       0.89760678       0.92227016       0.89776833       0.92243174      -0.77437407E-02  -0.41098840E-03
  7152.7157       0.89367103       0.92171836       0.89386715       0.92191450      -0.80268240E-02  -0.43842178E-03
  7153.2157       0.88957995       0.92119418       0.88981170       0.92142596      -0.81821625E-02  -0.20531940E-03
  7153.7157       0.88548887       0.92069723       0.88575730       0.92096569      -0.82321434E-02  -0.10556346E-03
  7154.2157       0.88134781       0.92022707       0.88165399       0.92053328      -0.82877259E-02   0.19283644E-03
  7154.7157       0.87720115       0.91978331       0.87754613       0.92012833      -0.80393069E-02   0.10772521E-02
  7155.2157       0.87330850       0.91936553       0.87369336       0.91975041      -0.72104739E-02   0.14036454E-02
  7155.7157       0.86999067       0.91897331       0.87041646       0.91939912      -0.66356615E-02   0.13216863E-02
  7156.2157       0.86667284       0.91860624       0.86714062       0.91907404      -0.58887875E-02   0.18566291E-02
  7156.7157       0.86410188       0.91826391       0.86461272       0.91877477      -0.47790325E-02   0.14755286E-02
  7157.2157       0.86189381       0.91794591       0.86244875       0.91850088      -0.44132590E-02   0.17658240E-02
  7157.7157       0.85968863       0.91765182       0.86028874       0.91825196      -0.30132085E-02   0.27972085E-02
  7158.2157       0.85888060       0.91738123       0.85952695       0.91802761      -0.16160505E-02   0.16309388E-02
  7158.7157       0.85807258       0.91713373       0.85876622       0.91782740      -0.13822697E-02   0.10299992E-02
  7159.2157       0.85749833       0.91690890       0.85824034       0.91765093      -0.58605135E-03   0.13586558E-02
  7159.7157       0.85748652       0.91670634       0.85827795       0.91749778      -0.23613884E-04   0.91228346E-03
  7160.2157       0.85747472       0.91652562       0.85831662       0.91736755       0.32623211E-03   0.10005358E-02
  7160.7157       0.85781276       0.91636634       0.85870620       0.91725981       0.97692193E-03   0.95153367E-03
  7161.2157       0.85845164       0.91622809       0.85939768       0.91717415       0.12777658E-02   0.11833712E-02
  7161.7157       0.85909052       0.91611044       0.86009022       0.91711017       0.21602931E-02   0.20580988E-02
  7162.2157       0.86061193       0.91601300       0.86166635       0.91706745       0.33358645E-02   0.14686155E-02
  7162.7157       0.86242639       0.91593533       0.86353659       0.91704557       0.36289086E-02   0.10782970E-02
  7163.2157       0.86424084       0.91587705       0.86540789       0.91704412       0.44141616E-02   0.16392491E-02
  7163.7157       0.86684055       0.91583772       0.86806550       0.91706270       0.52681578E-02   0.96183298E-03
  7164.2157       0.86950900       0.91581693       0.87079292       0.91710088       0.53759945E-02   0.93493234E-03
  7164.7157       0.87221654       0.91581428       0.87356049       0.91715825       0.62030901E-02   0.16150976E-02
  7165.2157       0.87571209       0.91582935       0.87711712       0.91723441       0.69910922E-02   0.80609703E-03
  7165.7157       0.87920763       0.91586173       0.88067481       0.91732894       0.70091871E-02   0.14990565E-03
  7166.2157       0.88272128       0.91591101       0.88425166       0.91744142       0.71409978E-02   0.24552639E-03
  7166.7157       0.88634863       0.91597676       0.88794329       0.91757145       0.72547135E-02   0.10617551E-03
  7167.2157       0.88997599       0.91605859       0.89163598       0.91771860       0.72471733E-02  -0.48040563E-04
  7167.7157       0.89359581       0.91615607       0.89532219       0.91788248       0.72066730E-02  -0.73460537E-04
  7168.2157       0.89718266       0.91626880       0.89897650       0.91806266       0.71737128E-02  -0.83422491E-04
  7168.7157       0.90076952       0.91639635       0.90263186       0.91825873       0.71232505E-02  -0.30208197E-03
  7169.2157       0.90430591       0.91653833       0.90623783       0.91847028       0.68716308E-02  -0.45277697E-03
  7169.7157       0.90764115       0.91669431       0.90964371       0.91869689       0.66704735E-02  -0.19443155E-03
  7170.2157       0.91097639       0.91686388       0.91305064       0.91893816       0.66771993E-02   0.46200904E-04
  7170.7157       0.91431835       0.91704664       0.91646536       0.91919367       0.67166744E-02   0.72224489E-04
  7171.2157       0.91769306       0.91724215       0.91991389       0.91946301       0.67494238E-02   0.13456870E-04
  7171.7157       0.92106777       0.91745003       0.92336348       0.91974576       0.67301313E-02  -0.19641780E-03
  7172.2157       0.92442319       0.91766984       0.92679484       0.92004152       0.65530060E-02  -0.16044015E-02
  7172.7157       0.92762078       0.91790118       0.93006942       0.92034986       0.51257298E-02  -0.74891684E-03
  7176.9421       0.94864928       0.92025976       0.95179117       0.92340168       0.30133493E-02  -0.50294441E-03
  7181.3399       0.95360846       0.92328888       0.95755220       0.92723265       0.78824389E-03  -0.31914263E-03
  7185.9092       0.95571753       0.92675957       0.96058131       0.93162338       0.15157056E-03  -0.10868488E-03
  7190.6499       0.95501958       0.93037591       0.96093157       0.93628793      -0.22361040E-03  -0.77873502E-04
  7195.5621       0.95355904       0.93379521       0.96065776       0.94089396      -0.60013309E-03  -0.75719058E-04
  7200.6457       0.94902078       0.93686555       0.95745547       0.94530027      -0.98048143E-03  -0.25402005E-04
  7205.9007       0.94342216       0.93956202       0.95335315       0.94949304      -0.86275625E-03   0.67343207E-05
  7211.3273       0.93980519       0.94186441       0.95140428       0.95346353      -0.90854826E-03   0.12615067E-04
  7216.9252       0.93340589       0.94375634       0.94685674       0.95720721      -0.72368175E-03   0.51125124E-04
  7222.6946       0.93157882       0.94522562       0.94707729       0.96072411      -0.32738986E-03   0.39462369E-04
  7228.6355       0.92957207       0.94626475       0.94732661       0.96401932      -0.26156666E-03   0.40887946E-04
  7234.7478       0.92842612       0.94687135       0.94865817       0.96710342       0.16543955E-03   0.76541277E-04
  7241.0316       0.93162287       0.94704863       0.95456719       0.96999298       0.68724435E-03   0.57180198E-04
  7247.4868       0.93718090       0.94680588       0.96308598       0.97271099       0.89385627E-03   0.36821269E-04
  7254.1134       0.94331618       0.94615896       0.97244458       0.97528740       0.11689353E-02  -0.34664173E-04
  7260.9115       0.95287358       0.94513082       0.98550236       0.97775963       0.42849788E-03  -0.63310898E-04
  7275.0221       0.95227550       0.94206125       0.99279584       0.98258163      -0.15481137E-03  -0.41482701E-04
  7282.3346       0.94955706       0.94010376       0.99449940       0.98504613      -0.46018676E-03  -0.32565236E-04
  7289.8185       0.94546641       0.93788595       0.99516939       0.98758896      -0.63665831E-03  -0.18589193E-04
  7297.4738       0.93991852       0.93536952       0.99473710       0.99018813      -0.74161335E-03  -0.88045981E-05
  7305.3006       0.93398463       0.93251063       0.99429050       0.99281652      -0.77297248E-03   0.28455112E-05
  7313.2989       0.92768619       0.92926144       0.99386809       0.99544338      -0.69658298E-03   0.13372444E-04
  7321.4686       0.92272231       0.92556991       0.99518648       0.99803410      -0.55676742E-03   0.91186914E-05
  7329.8097       0.91849348       0.92137957       0.99766396        1.0005501      -0.54602561E-03  -0.21733929E-05
  7338.3223       0.91351973       0.91662934       0.99983878        1.0029484      -0.59339724E-03   0.63352047E-06
  7347.0064       0.90828904       0.91125332        1.0022175        1.0051818      -0.53513118E-03   0.46802690E-06
  7355.8619       0.90413377       0.90518052        1.0061514        1.0071982      -0.58518826E-03  -0.13577444E-04
  7364.8888       0.89782444       0.89833471        1.0084304        1.0089407      -0.77792909E-03  -0.16097591E-04
  7374.0872       0.88995575       0.89063413        1.0096689        1.0103473      -0.87857241E-03  -0.10655645E-04
  7383.4571       0.88151090       0.88199131        1.0108700        1.0113505      -0.97578572E-03  -0.95923348E-05
  7392.9984       0.87150253       0.87231278        1.0110671        1.0118774      -0.10599744E-02  -0.88060407E-05
  7402.7111       0.86110210       0.86149951        1.0114522        1.0118496      -0.11453376E-02  -0.10942784E-04
  7412.5953       0.84905741       0.84949424        1.0107945        1.0112313      -0.12744195E-02  -0.92745041E-05
  7422.6509       0.83569039       0.83632119        1.0094373        1.0100682      -0.13302697E-02  -0.64122027E-05
  7432.8780       0.82207590       0.82201980        1.0084776        1.0084216      -0.14044765E-02  -0.57130294E-05
  7443.2766       0.80672217       0.80663779        1.0064459        1.0063616      -0.14481046E-02  -0.78845531E-05
  7453.8466       0.79171128       0.79023149        1.0054470        1.0039672      -0.15698040E-02  -0.12292460E-04
  7464.5880       0.77326739       0.77286627        1.0017280        1.0013269      -0.17100745E-02  -0.34306409E-05
  7475.5009       0.75468076       0.75461694       0.99860271       0.99853892      -0.16440923E-02   0.35470902E-05
  7486.5852       0.73710192       0.73556813       0.99724548       0.99571171      -0.16320483E-02  -0.40231111E-05
  7497.8410       0.71822059       0.71581471       0.99537020       0.99296434      -0.17339691E-02  -0.91418286E-05
  7509.2683       0.69777025       0.69546222       0.99273493       0.99042692      -0.18394127E-02  -0.50466194E-05
  7520.8670       0.67586641       0.67462727       0.98948011       0.98824100      -0.18501722E-02  -0.31545945E-05
  7532.6371       0.65453391       0.65343801       0.98765590       0.98656003      -0.19131318E-02  -0.22820587E-05
  7544.5787       0.63050276       0.63203451       0.98401801       0.98554978      -0.19042837E-02   0.85014762E-05
  7556.6917       0.60872708       0.61056925       0.98354661       0.98538880      -0.17086320E-02   0.97837702E-05
  7568.9762       0.58881638       0.58922496       0.98587765       0.98628626      -0.16655840E-02  -0.23486180E-05
  7581.4321       0.56751984       0.56825324       0.98778714       0.98852056      -0.17667378E-02   0.19835479E-05
  7594.0595       0.54450073       0.54793597       0.98896552       0.99240078      -0.16158300E-02   0.15986064E-04
  7606.8583       0.52643540       0.52857641       0.99611670       0.99825773      -0.13602727E-02   0.12525169E-04
  7619.8286       0.50944771       0.51049989        1.0053925        1.0064447      -0.12930675E-02   0.84367296E-05
  7632.9704       0.49267080       0.49405454        1.0159543        1.0173381      -0.11399728E-02   0.14465909E-04
  7646.2835       0.47928983       0.47961204        1.0310161        1.0313383      -0.91037318E-03   0.15906471E-04
  7659.7682       0.46827480       0.46756837        1.0495768        1.0488704      -0.71371417E-03   0.16593194E-04
  7673.4242       0.45991912       0.45834452        1.0719593        1.0703847      -0.46002216E-03   0.18400740E-04
  7687.2518       0.45563173       0.45238731        1.0996023        1.0963579      -0.20799547E-03   0.17296257E-04
  7701.2507       0.45413134       0.45017015        1.1312548        1.1272936       0.21272222E-04   0.16398258E-04
  7715.4212       0.45623095       0.45219382        1.1677602        1.1637231       0.25393367E-03   0.11335817E-04
  7729.7630       0.46137157       0.45898725        1.2085906        1.2062063       0.34448246E-03   0.30416805E-05
  7744.2764       0.46617106       0.47110835        1.2503951        1.2553324       0.34170197E-03   0.61676071E-05
  7745.8431       0.46686616       0.47274891        1.2551384        1.2610212       0.44365794E-03   0.65075509E-04
