e         norm        nbkg        flat        fbkg        nder        nsec
  7011.9949       0.16937463E-02   0.16937462E-02   0.16937462E-02   0.16937462E-02  -0.96160654E-04   0.24705034E-05
  7014.4965       0.14531978E-02   0.14531976E-02   0.14531976E-02   0.14531976E-02  -0.89980620E-04   0.89125600E-06
  7016.9983       0.12435438E-02   0.12435437E-02   0.12435436E-02   0.12435437E-02  -0.91701408E-04   0.11737112E-05
  7019.4956       0.99477343E-03   0.99477334E-03   0.99477333E-03   0.99477334E-03  -0.84113123E-04   0.43295784E-05
  7021.9947       0.82327667E-03   0.82327660E-03   0.82327659E-03   0.82327660E-03  -0.70068881E-04  -0.11844699E-06
  7024.4973       0.64430591E-03   0.64430586E-03   0.64430585E-03   0.64430586E-03  -0.84705566E-04  -0.19041824E-05
  7026.9970       0.39955537E-03   0.39955534E-03   0.39955533E-03   0.39955534E-03  -0.79594142E-04   0.45994666E-05
  7029.4970       0.24636537E-03   0.24636535E-03   0.24636534E-03   0.24636535E-03  -0.61709976E-04   0.26883524E-05
  7031.9972       0.90996849E-04   0.90996852E-04   0.90996840E-04   0.90996852E-04  -0.66152004E-04  -0.55366051E-06
  7034.4976      -0.84438048E-04  -0.84438028E-04  -0.84438040E-04  -0.84438028E-04  -0.64478642E-04   0.67887009E-06
  7037.0031      -0.23178117E-03  -0.23178114E-03  -0.23178115E-03  -0.23178114E-03  -0.62753602E-04   0.35188402E-07
  7039.5041      -0.39861276E-03  -0.39861271E-03  -0.39861272E-03  -0.39861271E-03  -0.64302472E-04  -0.45053394E-06
  7042.0021      -0.55322852E-03  -0.55322845E-03  -0.55322847E-03  -0.55322845E-03  -0.65005816E-04   0.16482478E-05
  7044.4972      -0.72319194E-03  -0.72319186E-03  -0.72319187E-03  -0.72319186E-03  -0.56072640E-04   0.50411358E-05
  7046.9973      -0.83332100E-03  -0.83332091E-03  -0.83332092E-03  -0.83332091E-03  -0.39824476E-04   0.24325396E-05
  7049.5009      -0.92246091E-03  -0.92246081E-03  -0.92246082E-03  -0.92246081E-03  -0.43900988E-04   0.59721078E-06
  7051.9982      -0.10528681E-02  -0.10528680E-02  -0.10528680E-02  -0.10528680E-02  -0.36837848E-04   0.47735418E-05
  7054.5023      -0.11067036E-02  -0.11067035E-02  -0.11067035E-02  -0.11067035E-02  -0.20026348E-04  -0.23025825E-06
  7057.0018      -0.11530707E-02  -0.11530706E-02  -0.11530706E-02  -0.11530706E-02  -0.37989954E-04  -0.13978039E-05
  7059.4983      -0.12965005E-02  -0.12965004E-02  -0.12965004E-02  -0.12965004E-02  -0.27009742E-04   0.92638780E-05
  7062.0031      -0.12881540E-02  -0.12881539E-02  -0.12881539E-02  -0.12881539E-02   0.83412939E-05   0.54623470E-05
  7064.5000      -0.12547795E-02  -0.12547793E-02  -0.12547793E-02  -0.12547793E-02   0.31153046E-06  -0.13891232E-05
  7067.0004      -0.12865972E-02  -0.12865971E-02  -0.12865971E-02  -0.12865971E-02   0.13993173E-05   0.57926312E-05
  7069.5027      -0.12477791E-02  -0.12477790E-02  -0.12477790E-02  -0.12477790E-02   0.29290216E-04   0.74936914E-05
  7072.0020      -0.11401014E-02  -0.11401013E-02  -0.11401013E-02  -0.11401013E-02   0.38879210E-04   0.72485372E-05
  7074.5015      -0.10534316E-02  -0.10534315E-02  -0.10534315E-02  -0.10534315E-02   0.65523849E-04   0.96985636E-05
  7076.9995      -0.81264061E-03  -0.81264052E-03  -0.81264053E-03  -0.81264052E-03   0.87348577E-04   0.65623861E-05
  7079.4995      -0.61686109E-03  -0.61686102E-03  -0.61686103E-03  -0.61686102E-03   0.98322832E-04   0.91765899E-05
  7082.0013      -0.32085851E-03  -0.32085847E-03  -0.32085848E-03  -0.32085847E-03   0.13324720E-03   0.11849283E-04
  7084.5016       0.49661254E-04   0.49661261E-04   0.49661249E-04   0.49661261E-04   0.15759471E-03   0.12789091E-04
  7087.0006       0.46701150E-03   0.46701146E-03   0.46701145E-03   0.46701146E-03   0.19718425E-03   0.20005532E-04
  7089.4965       0.10345773E-02   0.10345772E-02   0.10345772E-02   0.10345772E-02   0.25752038E-03   0.26682039E-04
  7091.9943       0.17529908E-02   0.17529906E-02   0.17529906E-02   0.17529906E-02   0.33042633E-03   0.30018902E-04
  7094.5004       0.26879890E-02   0.26879887E-02   0.26879887E-02   0.26879887E-02   0.40773118E-03   0.43546706E-04
  7097.0035       0.37953893E-02   0.37953889E-02   0.37953889E-02   0.37953889E-02   0.54855957E-03   0.59237710E-04
  7099.3471       0.53466861E-02   0.53466855E-02   0.53466855E-02   0.53466855E-02   0.69483788E-03   0.57829310E-04
  7101.0957       0.66388055E-02   0.66388049E-02   0.66388049E-02   0.66388049E-02   0.78520873E-03   0.94262278E-04
  7101.9499       0.73904525E-02   0.73904518E-02   0.73904517E-02   0.73904518E-02   0.94018676E-03   0.88667767E-04
  7102.2010       0.76780372E-02   0.76780365E-02   0.76780364E-02   0.76780365E-02   0.88321729E-03  -0.19147461E-03
  7102.3021       0.77015172E-02   0.77015164E-02   0.77015164E-02   0.77015164E-02   0.87275035E-03   0.15866706E-02
  7102.4000       0.78516578E-02   0.78516570E-02   0.78516570E-02   0.78516570E-02   0.11988616E-02  -0.19661020E-02
  7102.5043       0.79439294E-02   0.79439286E-02   0.79439286E-02   0.79439286E-02   0.47520059E-03  -0.26238931E-02
  7102.6103       0.79516219E-02   0.79516212E-02   0.79516212E-02   0.79516212E-02   0.64689421E-03   0.62885256E-02
  7102.7033       0.80726309E-02   0.80726302E-02   0.80726302E-02   0.80726302E-02   0.17263216E-02   0.16915202E-02
  7102.8011       0.82810127E-02   0.82810119E-02   0.82810119E-02   0.82810119E-02   0.96964473E-03  -0.34350948E-02
  7102.9006       0.82639748E-02   0.82639740E-02   0.82639740E-02   0.82639740E-02   0.10484606E-02   0.26382674E-02
  7103.0001       0.84896249E-02   0.84896241E-02   0.84896241E-02   0.84896241E-02   0.14945808E-02  -0.78658139E-03
  7103.1012       0.85637982E-02   0.85637974E-02   0.85637974E-02   0.85637974E-02   0.89066690E-03  -0.14459934E-02
  7103.1974       0.86653989E-02   0.86653981E-02   0.86653981E-02   0.86653981E-02   0.12092126E-02   0.13285991E-02
  7103.3002       0.88044158E-02   0.88044149E-02   0.88044149E-02   0.88044149E-02   0.11550409E-02  -0.42662415E-02
  7103.4013       0.89008968E-02   0.89008959E-02   0.89008959E-02   0.89008959E-02   0.33938139E-03   0.22771285E-04
  7103.5008       0.88725062E-02   0.88725053E-02   0.88725053E-02   0.88725053E-02   0.11596095E-02   0.91449901E-02
  7103.6003       0.91316648E-02   0.91316640E-02   0.91316640E-02   0.91316640E-02   0.21592801E-02  -0.17070148E-02
  7103.6998       0.93022267E-02   0.93022258E-02   0.93022258E-02   0.93022258E-02   0.81989476E-03  -0.69694305E-02
  7103.8010       0.92961751E-02   0.92961742E-02   0.92961742E-02   0.92961742E-02   0.76087784E-03   0.51257914E-02
  7103.9021       0.94561416E-02   0.94561407E-02   0.94561407E-02   0.94561407E-02   0.18567706E-02   0.21706941E-02
  7104.0000       0.96657263E-02   0.96657254E-02   0.96657253E-02   0.96657254E-02   0.11929089E-02  -0.64861947E-02
  7104.0946       0.96857861E-02   0.96857852E-02   0.96857852E-02   0.96857852E-02   0.60812623E-03   0.28453235E-02
  7104.1942       0.97837916E-02   0.97837906E-02   0.97837906E-02   0.97837906E-02   0.17453171E-02   0.45841521E-02
  7104.3002       0.10044574E-01   0.10044573E-01   0.10044573E-01   0.10044573E-01   0.15504995E-02  -0.31098933E-02
  7104.4046       0.10110128E-01   0.10110127E-01   0.10110127E-01   0.10110127E-01   0.10907716E-02  -0.89895743E-03
  7104.5058       0.10268821E-01   0.10268820E-01   0.10268820E-01   0.10268820E-01   0.13656874E-02   0.14323177E-02
  7104.6037       0.10381987E-01   0.10381986E-01   0.10381986E-01   0.10381986E-01   0.13758945E-02   0.26728492E-02
  7104.6983       0.10533738E-01   0.10533737E-01   0.10533737E-01   0.10533737E-01   0.18803231E-02  -0.44321553E-03
  7104.7995       0.10750177E-01   0.10750176E-01   0.10750176E-01   0.10750176E-01   0.12891076E-02  -0.50069348E-03
  7104.8974       0.10790375E-01   0.10790374E-01   0.10790374E-01   0.10790374E-01   0.17806445E-02   0.27318922E-02
  7104.9986       0.11104680E-01   0.11104679E-01   0.11104679E-01   0.11104679E-01   0.18329918E-02  -0.45654048E-02
  7105.1063       0.11173260E-01   0.11173258E-01   0.11173258E-01   0.11173258E-01   0.82699997E-03  -0.56825984E-02
  7105.2026       0.11273384E-01   0.11273382E-01   0.11273382E-01   0.11273382E-01   0.67377582E-03   0.48955882E-02
  7105.2989       0.11303013E-01   0.11303012E-01   0.11303011E-01   0.11303012E-01   0.17697728E-02   0.61554208E-02
  7105.3984       0.11619988E-01   0.11619987E-01   0.11619987E-01   0.11619987E-01   0.18792965E-02  -0.21065800E-02
  7105.4980       0.11677211E-01   0.11677209E-01   0.11677209E-01   0.11677209E-01   0.13503190E-02   0.92308487E-03
  7105.5976       0.11888866E-01   0.11888865E-01   0.11888865E-01   0.11888865E-01   0.20631030E-02  -0.81291570E-03
  7105.6971       0.12088032E-01   0.12088031E-01   0.12088031E-01   0.12088031E-01   0.11884447E-02  -0.36217164E-02
  7105.7951       0.12123585E-01   0.12123584E-01   0.12123584E-01   0.12123584E-01   0.13478104E-02   0.86724568E-03
  7105.8963       0.12356434E-01   0.12356433E-01   0.12356433E-01   0.12356433E-01   0.13611471E-02   0.78491000E-03
  7106.0024       0.12405761E-01   0.12405760E-01   0.12405760E-01   0.12405760E-01   0.15105278E-02   0.46886792E-02
  7106.0987       0.12662189E-01   0.12662188E-01   0.12662188E-01   0.12662188E-01   0.23102108E-02   0.16574241E-02
  7106.1934       0.12846997E-01   0.12846996E-01   0.12846996E-01   0.12846996E-01   0.18270858E-02  -0.32910721E-03
  7106.2978       0.13026077E-01   0.13026075E-01   0.13026075E-01   0.13026075E-01   0.22446648E-02   0.13591673E-02
  7106.4007       0.13312388E-01   0.13312387E-01   0.13312387E-01   0.13312387E-01   0.21088847E-02  -0.18325149E-02
  7106.5019       0.13456441E-01   0.13456440E-01   0.13456440E-01   0.13456440E-01   0.18706999E-02  -0.42340870E-03
  7106.6015       0.13688049E-01   0.13688048E-01   0.13688048E-01   0.13688048E-01   0.20238587E-02  -0.10404274E-02
  7106.6995       0.13856262E-01   0.13856261E-01   0.13856261E-01   0.13856261E-01   0.16651593E-02   0.27685183E-02
  7106.8040       0.14025172E-01   0.14025171E-01   0.14025171E-01   0.14025171E-01   0.25843646E-02   0.14234909E-02
  7106.9003       0.14375280E-01   0.14375279E-01   0.14375279E-01   0.14375279E-01   0.19510390E-02  -0.56764116E-02
  7106.9950       0.14397899E-01   0.14397897E-01   0.14397897E-01   0.14397897E-01   0.14999430E-02   0.22443286E-02
  7107.0995       0.14674084E-01   0.14674083E-01   0.14674083E-01   0.14674083E-01   0.23981316E-02   0.28935594E-02
  7107.2024       0.14895223E-01   0.14895222E-01   0.14895222E-01   0.14895222E-01   0.21000093E-02   0.72272298E-03
  7107.3020       0.15099309E-01   0.15099307E-01   0.15099307E-01   0.15099307E-01   0.25444737E-02   0.37102155E-02
  7107.4016       0.15402151E-01   0.15402149E-01   0.15402149E-01   0.15402149E-01   0.28391844E-02   0.15469769E-02
  7107.5029       0.15669604E-01   0.15669603E-01   0.15669603E-01   0.15669603E-01   0.28552087E-02  -0.40988723E-02
  7107.5992       0.15966357E-01   0.15966356E-01   0.15966356E-01   0.15966356E-01   0.20292227E-02  -0.43894548E-02
  7107.6956       0.16060660E-01   0.16060658E-01   0.16060658E-01   0.16060658E-01   0.20093081E-02   0.47478273E-02
  7107.7985       0.16366712E-01   0.16366710E-01   0.16366710E-01   0.16366710E-01   0.29752273E-02   0.57642967E-02
  7107.9014       0.16672929E-01   0.16672927E-01   0.16672927E-01   0.16672927E-01   0.31955370E-02  -0.14967911E-02
  7108.0026       0.17019119E-01   0.17019117E-01   0.17019117E-01   0.17019117E-01   0.26696394E-02  -0.22443538E-02
  7108.1039       0.17213624E-01   0.17213623E-01   0.17213623E-01   0.17213623E-01   0.27409767E-02   0.47952556E-02
  7108.2019       0.17565325E-01   0.17565323E-01   0.17565323E-01   0.17565323E-01   0.36252092E-02   0.46792582E-03
  7108.2966       0.17912369E-01   0.17912367E-01   0.17912367E-01   0.17912367E-01   0.28311676E-02  -0.91573842E-02
  7108.3979       0.18120287E-01   0.18120285E-01   0.18120285E-01   0.18120285E-01   0.18301879E-02   0.12727055E-02
  7108.5008       0.18286079E-01   0.18286077E-01   0.18286077E-01   0.18286077E-01   0.30910439E-02   0.91773306E-02
  7108.6005       0.18746421E-01   0.18746420E-01   0.18746420E-01   0.18746420E-01   0.36891847E-02   0.66856311E-02
  7108.7018       0.19027372E-01   0.19027370E-01   0.19027370E-01   0.19027370E-01   0.44344345E-02   0.51908006E-02
  7108.7998       0.19630244E-01   0.19630242E-01   0.19630242E-01   0.19630242E-01   0.47237580E-02  -0.72437129E-02
  7108.8978       0.19953451E-01   0.19953449E-01   0.19953449E-01   0.19953449E-01   0.30143263E-02  -0.52098045E-02
  7108.9991       0.20231063E-01   0.20231061E-01   0.20231061E-01   0.20231061E-01   0.36853345E-02   0.10681767E-01
  7109.0971       0.20688034E-01   0.20688032E-01   0.20688032E-01   0.20688032E-01   0.51434802E-02   0.54037193E-02
  7109.1968       0.21247918E-01   0.21247916E-01   0.21247916E-01   0.21247916E-01   0.47536390E-02  -0.73025426E-03
  7109.2998       0.21651150E-01   0.21651147E-01   0.21651147E-01   0.21651147E-01   0.49955263E-02   0.66300587E-02
  7109.4043       0.22284560E-01   0.22284558E-01   0.22284558E-01   0.22284558E-01   0.61294690E-02   0.79332083E-02
  7109.5056       0.22913121E-01   0.22913119E-01   0.22913119E-01   0.22913119E-01   0.66288628E-02   0.90420617E-02
  7109.5988       0.23573562E-01   0.23573560E-01   0.23573560E-01   0.23573560E-01   0.78877250E-02   0.67106631E-02
  7109.6968       0.24421183E-01   0.24421181E-01   0.24421181E-01   0.24421181E-01   0.79118812E-02   0.39821893E-02
  7109.7998       0.25163866E-01   0.25163864E-01   0.25163864E-01   0.25163864E-01   0.86881530E-02   0.92748247E-02
  7109.9027       0.26210161E-01   0.26210159E-01   0.26210158E-01   0.26210159E-01   0.98216604E-02   0.55394215E-02
  7110.0024       0.27154196E-01   0.27154194E-01   0.27154194E-01   0.27154194E-01   0.98107002E-02   0.96082394E-02
  7110.1005       0.28150237E-01   0.28150234E-01   0.28150234E-01   0.28150234E-01   0.11721699E-01   0.19571398E-01
  7110.2035       0.29510563E-01   0.29510560E-01   0.29510560E-01   0.29510560E-01   0.13745060E-01   0.14504133E-01
  7110.3015       0.30913420E-01   0.30913417E-01   0.30913417E-01   0.30913417E-01   0.14637480E-01   0.55323102E-02
  7110.3963       0.32333605E-01   0.32333602E-01   0.32333602E-01   0.32333602E-01   0.14812044E-01   0.75378412E-03
  7110.4977       0.33818639E-01   0.33818636E-01   0.33818636E-01   0.33818636E-01   0.14785326E-01   0.18926567E-02
  7110.6006       0.35354514E-01   0.35354510E-01   0.35354510E-01   0.35354510E-01   0.15198747E-01   0.53339577E-02
  7110.7020       0.36924108E-01   0.36924105E-01   0.36924105E-01   0.36924105E-01   0.15875182E-01   0.16140090E-01
  7110.7984       0.38494482E-01   0.38494478E-01   0.38494478E-01   0.38494478E-01   0.18391112E-01   0.12302780E-01
  7110.8981       0.40531746E-01   0.40531742E-01   0.40531742E-01   0.40531742E-01   0.18288520E-01  -0.11584268E-01
  7110.9979       0.42141889E-01   0.42141885E-01   0.42141885E-01   0.42141885E-01   0.16080780E-01  -0.15501728E-01
  7111.0976       0.43738945E-01   0.43738940E-01   0.43738940E-01   0.43738940E-01   0.15196809E-01  -0.11543236E-02
  7111.2022       0.45247418E-01   0.45247413E-01   0.45247413E-01   0.45247413E-01   0.15844890E-01   0.12052277E-01
  7111.3020       0.46977006E-01   0.46977002E-01   0.46977002E-01   0.46977002E-01   0.17659812E-01   0.98834822E-02
  7111.4033       0.48798735E-01   0.48798731E-01   0.48798731E-01   0.48798731E-01   0.17832418E-01   0.66967706E-02
  7111.5031       0.50563141E-01   0.50563136E-01   0.50563136E-01   0.50563136E-01   0.19006546E-01   0.25170408E-01
  7111.6012       0.52558952E-01   0.52558947E-01   0.52558947E-01   0.52558947E-01   0.22812081E-01   0.33472723E-01
  7111.7009       0.55076352E-01   0.55076347E-01   0.55076347E-01   0.55076347E-01   0.25628890E-01   0.22721754E-01
  7111.8023       0.57713409E-01   0.57713403E-01   0.57713403E-01   0.57713403E-01   0.27381858E-01   0.13813919E-01
  7111.9004       0.60538759E-01   0.60538753E-01   0.60538753E-01   0.60538753E-01   0.28384628E-01   0.11313988E-01
  7111.9985       0.63283183E-01   0.63283177E-01   0.63283176E-01   0.63283177E-01   0.29601945E-01   0.16734152E-01
  7112.0983       0.66396007E-01   0.66396000E-01   0.66396000E-01   0.66396000E-01   0.31695765E-01   0.94341729E-02
  7112.1996       0.69658564E-01   0.69658557E-01   0.69658557E-01   0.69658557E-01   0.31499563E-01  -0.11085980E-01
  7112.3027       0.72835116E-01   0.72835109E-01   0.72835109E-01   0.72835109E-01   0.29429580E-01  -0.32075503E-01
  7112.4008       0.75578471E-01   0.75578464E-01   0.75578464E-01   0.75578464E-01   0.25047415E-01  -0.45415159E-01
  7112.5022       0.77832727E-01   0.77832719E-01   0.77832719E-01   0.77832719E-01   0.20368075E-01  -0.30084205E-01
  7112.6020       0.79675855E-01   0.79675848E-01   0.79675848E-01   0.79675848E-01   0.18995466E-01  -0.22658958E-01
  7112.6985       0.81560872E-01   0.81560864E-01   0.81560864E-01   0.81560864E-01   0.15920914E-01  -0.49439620E-01
  7112.7999       0.82826716E-01   0.82826708E-01   0.82826708E-01   0.82826708E-01   0.92110190E-02  -0.50120450E-01
  7112.9029       0.83444120E-01   0.83444112E-01   0.83444112E-01   0.83444112E-01   0.56734875E-02  -0.17842646E-01
  7113.0011       0.83968165E-01   0.83968157E-01   0.83968157E-01   0.83968157E-01   0.56212570E-02  -0.81474411E-02
  7113.0959       0.84529118E-01   0.84529110E-01   0.84529110E-01   0.84529110E-01   0.41008928E-02  -0.14135478E-01
  7113.2006       0.84786564E-01   0.84786555E-01   0.84786555E-01   0.84786555E-01   0.28002963E-02   0.32356612E-02
  7113.3070       0.85120045E-01   0.85120037E-01   0.85120037E-01   0.85120037E-01   0.47836918E-02   0.12394298E-01
  7113.4051       0.85764762E-01   0.85764753E-01   0.85764753E-01   0.85764753E-01   0.53347567E-02  -0.94467444E-02
  7113.5033       0.86167322E-01   0.86167313E-01   0.86167313E-01   0.86167313E-01   0.29291825E-02  -0.15136706E-01
  7113.6031       0.86344602E-01   0.86344594E-01   0.86344594E-01   0.86344594E-01   0.23384003E-02  -0.54722231E-02
  7113.7012       0.86630229E-01   0.86630221E-01   0.86630221E-01   0.86630221E-01   0.18459066E-02  -0.36282556E-01
  7113.8010       0.86710027E-01   0.86710018E-01   0.86710018E-01   0.86710018E-01  -0.48442758E-02  -0.59205761E-01
  7113.8992       0.85671203E-01   0.85671195E-01   0.85671195E-01   0.85671195E-01  -0.98751171E-02  -0.27445502E-01
  7113.9957       0.84787292E-01   0.84787284E-01   0.84787284E-01   0.84787284E-01  -0.10188052E-01  -0.24546030E-01
  7114.0972       0.83654142E-01   0.83654134E-01   0.83654134E-01   0.83654134E-01  -0.14734814E-01  -0.36243226E-01
  7114.1970       0.81821764E-01   0.81821756E-01   0.81821756E-01   0.81821756E-01  -0.17482364E-01  -0.19069207E-01
  7114.2952       0.80192756E-01   0.80192748E-01   0.80192748E-01   0.80192748E-01  -0.18510383E-01  -0.17160417E-01
  7114.3999       0.78065840E-01   0.78065833E-01   0.78065833E-01   0.78065833E-01  -0.20964367E-01  -0.11131421E-01
  7114.5046       0.75801539E-01   0.75801531E-01   0.75801531E-01   0.75801531E-01  -0.20841982E-01   0.99655742E-02
  7114.6045       0.73802467E-01   0.73802460E-01   0.73802460E-01   0.73802460E-01  -0.18925839E-01   0.34046352E-01
  7114.7027       0.72053901E-01   0.72053894E-01   0.72053894E-01   0.72053894E-01  -0.14100225E-01   0.35739919E-01
  7114.7992       0.71056434E-01   0.71056427E-01   0.71056427E-01   0.71056427E-01  -0.11965454E-01   0.16793839E-01
  7114.8974       0.69723557E-01   0.69723550E-01   0.69723550E-01   0.69723550E-01  -0.10829524E-01   0.27578491E-01
  7114.9956       0.68929548E-01   0.68929541E-01   0.68929541E-01   0.68929541E-01  -0.65491212E-02   0.45225971E-01
  7115.1004       0.68394406E-01   0.68394400E-01   0.68394400E-01   0.68394400E-01  -0.16508682E-02   0.37720052E-01
  7115.2051       0.68583684E-01   0.68583678E-01   0.68583678E-01   0.68583678E-01   0.13533805E-02   0.16872405E-01
  7115.3017       0.68666876E-01   0.68666869E-01   0.68666869E-01   0.68666869E-01   0.17459688E-02   0.16376449E-01
  7115.3999       0.68923771E-01   0.68923765E-01   0.68923765E-01   0.68923765E-01   0.45432507E-02   0.23508304E-01
  7115.4981       0.69559293E-01   0.69559286E-01   0.69559286E-01   0.69559286E-01   0.63636345E-02   0.27740698E-01
  7115.5963       0.70173799E-01   0.70173792E-01   0.70173792E-01   0.70173792E-01   0.99924393E-02   0.30664629E-01
  7115.6962       0.71538545E-01   0.71538538E-01   0.71538538E-01   0.71538538E-01   0.12437531E-01   0.82079821E-02
  7115.7960       0.72657785E-01   0.72657778E-01   0.72657778E-01   0.72657778E-01   0.11631713E-01   0.12341799E-01
  7115.8992       0.73899760E-01   0.73899752E-01   0.73899752E-01   0.73899752E-01   0.14942891E-01   0.26492295E-01
  7116.0007       0.75715729E-01   0.75715721E-01   0.75715721E-01   0.75715721E-01   0.17053149E-01   0.16711572E-01
  7116.0989       0.77305887E-01   0.77305880E-01   0.77305880E-01   0.77305880E-01   0.18280794E-01   0.24141116E-01
  7116.1988       0.79337227E-01   0.79337219E-01   0.79337219E-01   0.79337219E-01   0.21835601E-01   0.31823180E-01
  7116.2970       0.81631738E-01   0.81631730E-01   0.81631730E-01   0.81631730E-01   0.24585284E-01   0.18183446E-02
  7116.3969       0.84207965E-01   0.84207957E-01   0.84207957E-01   0.84207957E-01   0.22195844E-01  -0.98467521E-02
  7116.4984       0.86101892E-01   0.86101884E-01   0.86101884E-01   0.86101884E-01   0.22602188E-01   0.41488264E-01
  7116.5950       0.88686069E-01   0.88686060E-01   0.88686060E-01   0.88686060E-01   0.30415789E-01   0.41131640E-01
  7116.6933       0.92028652E-01   0.92028643E-01   0.92028643E-01   0.92028643E-01   0.30617017E-01   0.12785984E-03
  7116.7965       0.94852764E-01   0.94852755E-01   0.94852755E-01   0.94852755E-01   0.30441542E-01   0.11194732E-01
  7116.8980       0.98259884E-01   0.98259874E-01   0.98259874E-01   0.98259874E-01   0.32908522E-01   0.26013247E-01
  7116.9962       0.10142749       0.10142748       0.10142748       0.10142748       0.35638676E-01   0.24972796E-01
  7117.1011       0.10549699       0.10549698       0.10549698       0.10549698       0.37979723E-01   0.26032908E-01
  7117.2042       0.10932682       0.10932681       0.10932681       0.10932681       0.41053209E-01   0.23716783E-01
  7117.3025       0.11376692       0.11376691       0.11376691       0.11376691       0.42757327E-01   0.17960257E-01
  7117.3991       0.11766018       0.11766017       0.11766017       0.11766017       0.44553645E-01   0.26235941E-01
  7117.4974       0.12245060       0.12245059       0.12245059       0.12245059       0.47870816E-01   0.19024404E-01
  7117.6039       0.12746111       0.12746109       0.12746109       0.12746109       0.48448644E-01   0.26274208E-01
  7117.7054       0.13252884       0.13252883       0.13252883       0.13252883       0.53336351E-01   0.41770403E-01
  7117.8021       0.13803221       0.13803220       0.13803220       0.13803220       0.56727413E-01   0.19058347E-01
  7117.9003       0.14358654       0.14358653       0.14358653       0.14358653       0.57051337E-01   0.10503982E-01
  7118.0003       0.14934030       0.14934029       0.14934029       0.14934029       0.58809397E-01   0.43841129E-01
  7118.1051       0.15562877       0.15562875       0.15562875       0.15562875       0.66028554E-01   0.62251635E-01
  7118.2018       0.16264479       0.16264477       0.16264477       0.16264477       0.71352852E-01   0.27431571E-01
  7118.2984       0.16942213       0.16942211       0.16942211       0.16942211       0.71331406E-01   0.77354298E-02
  7118.3984       0.17666812       0.17666810       0.17666810       0.17666810       0.72873591E-01   0.19868932E-01
  7118.4934       0.18362956       0.18362955       0.18362955       0.18362955       0.75205053E-01   0.28305327E-01
  7118.5982       0.19170025       0.19170023       0.19170023       0.19170023       0.78531317E-01   0.35625938E-01
  7118.7015       0.19997036       0.19997034       0.19997034       0.19997034       0.82618098E-01   0.39169684E-01
  7118.7981       0.20821503       0.20821501       0.20821501       0.20821501       0.86361062E-01   0.25283899E-01
  7118.8964       0.21680939       0.21680937       0.21680937       0.21680937       0.87548053E-01   0.33608166E-01
  7118.9964       0.22557292       0.22557290       0.22557290       0.22557290       0.93024452E-01   0.30837807E-01
  7119.0947       0.23525353       0.23525351       0.23525351       0.23525351       0.93662327E-01  -0.59381490E-02
  7119.1980       0.24445103       0.24445101       0.24445101       0.24445101       0.91827589E-01   0.23890045E-01
  7119.2996       0.25406340       0.25406338       0.25406338       0.25406338       0.98555940E-01   0.61454322E-01
  7119.3946       0.26383216       0.26383213       0.26383213       0.26383213       0.10391264       0.15606997E-01
  7119.4962       0.27449855       0.27449852       0.27449852       0.27449852       0.10162517       0.93877236E-02
  7119.5995       0.28465078       0.28465075       0.28465075       0.28465075       0.10583578       0.32015088E-01
  7119.6978       0.29583346       0.29583343       0.29583343       0.29583343       0.10807893      -0.48573848E-02
  7119.7994       0.30626138       0.30626135       0.30626135       0.30626135       0.10486454      -0.64914993E-03
  7119.9027       0.31731758       0.31731755       0.31731755       0.31731755       0.10794593       0.59220201E-01
  7120.0010       0.32802360       0.32802357       0.32802357       0.32802357       0.11680351       0.24410038E-01
  7120.0961       0.33990890       0.33990886       0.33990886       0.33990886       0.11266715      -0.55395540E-01
  7120.1961       0.35000023       0.35000020       0.35000020       0.35000020       0.10599817       0.13455696E-01
  7120.2993       0.36145398       0.36145394       0.36145394       0.36145394       0.11540214       0.64224505E-01
  7120.3977       0.37326830       0.37326827       0.37326827       0.37326827       0.11894750       0.19845180E-01
  7120.4961       0.38485274       0.38485270       0.38485270       0.38485270       0.11930599      -0.35751153E-01
  7120.5961       0.39693384       0.39693380       0.39693380       0.39693380       0.11185590      -0.26186179E-01
  7120.6993       0.40759114       0.40759110       0.40759110       0.40759110       0.11398278       0.74219182E-01
  7120.8026       0.42047904       0.42047899       0.42047899       0.42047899       0.12718721       0.59820400E-01
  7120.9010       0.43323920       0.43323916       0.43323916       0.43323916       0.12604592      -0.17187917E-01
  7120.9961       0.44486438       0.44486434       0.44486434       0.44486434       0.12386196      -0.79170626E-02
  7121.0945       0.45720277       0.45720273       0.45720273       0.45720273       0.12451421       0.17402226E-01
  7121.1945       0.46956726       0.46956721       0.46956721       0.46956721       0.12731446      -0.17474945E-01
  7121.2962       0.48287943       0.48287938       0.48287938       0.48287938       0.12098988      -0.16654953E-01
  7121.3978       0.49416752       0.49416748       0.49416748       0.49416748       0.12392809       0.55588919E-01
  7121.4995       0.50807785       0.50807780       0.50807780       0.50807780       0.13229283       0.75840621E-01
  7121.5995       0.52085059       0.52085054       0.52085054       0.52085054       0.13922492      -0.25524088E-02
  7121.6963       0.53547509       0.53547503       0.53547503       0.53547503       0.13179056      -0.54933737E-01
  7121.8012       0.54743393       0.54743388       0.54743388       0.54743388       0.12814429       0.85349411E-01
  7121.9029       0.56195405       0.56195400       0.56195400       0.56195400       0.14942665       0.11947359
  7121.9980       0.57684125       0.57684119       0.57684119       0.57684119       0.15165681      -0.73656711E-01
  7122.0964       0.59130374       0.59130368       0.59130368       0.59130368       0.13517209      -0.98417950E-02
  7122.1998       0.60410992       0.60410986       0.60409360       0.60409360       0.14967140       0.86109986E-01
  7122.3949       0.63598230        1.3726381       0.63599881        1.3726546       0.16087686       0.12366488E-01
  7122.5016       0.65266272        1.3699515       0.65269716        1.3699860       0.15340361       0.71253116E-02
  7122.5983       0.66718413        1.3675240       0.66723485        1.3675747       0.16232613       0.28230204E-01
  7122.6951       0.68408256        1.3651070       0.68414956        1.3651741       0.15886785      -0.57281328E-01
  7122.8001       0.69923858        1.3624972       0.69932323        1.3625819       0.15076859       0.50943147E-01
  7122.8952       0.71425633        1.3601427       0.71435698        1.3602434       0.16906326       0.21238097E-01
  7122.9920       0.73168791        1.3577579       0.73180483        1.3578749       0.15484495      -0.20032038
  7123.1003       0.74600992        1.3551027       0.74614505        1.3552379       0.12798416      -0.10468516
  7123.2020       0.75856394        1.3526202       0.75871617        1.3527725       0.13286159       0.67490092E-01
  7123.2955       0.77194915        1.3503481       0.77211710        1.3505161       0.14116059       0.42548470E-01
  7123.3940       0.78566099        1.3479669       0.78584548        1.3481514       0.14102915      -0.36525078E-01
  7123.4924       0.79971596        1.3455964       0.79991701        1.3457975       0.13396927      -0.12323687E-01
  7123.5958       0.81269799        1.3431189       0.81291642        1.3433374       0.13854205       0.53882925E-01
  7123.7008       0.82858591        1.3406141       0.82882198        1.3408502       0.14519761      -0.77038343E-01
  7123.7944       0.84152625        1.3383934       0.84177804        1.3386453       0.12324647      -0.17144205
  7123.8977       0.85285437        1.3359502       0.85312353        1.3362194       0.11143896      -0.37534541E-01
  7123.9995       0.86438473        1.3335571       0.86467098        1.3338435       0.11554734       0.25783134E-03
  7124.0979       0.87598741        1.3312520       0.87629021        1.3315549       0.11149058      -0.22548441E-01
  7124.2046       0.88725512        1.3287667       0.88757585        1.3290876       0.11092192      -0.31929704E-01
  7124.3064       0.89910586        1.3264077       0.89944369        1.3267456       0.10483576      -0.12968214
  7124.4032       0.90807341        1.3241732       0.90842750        1.3245273       0.85169636E-01   0.15460446E-01
  7124.5017       0.91573983        1.3219112       0.91611047        1.3222819       0.10785524       0.18298567
  7124.6018       0.92949260        1.3196222       0.92988005        1.3200097       0.12150913      -0.64117092E-01
  7124.6986       0.93967179        1.3174185       0.94007550        1.3178223       0.95226998E-01  -0.12518561
  7124.7971       0.94809243        1.3151878       0.94851268        1.3156081       0.97057747E-01   0.62644548E-01
  7124.9021       0.95942634        1.3128198       0.95986424        1.3132578       0.10797729       0.17840548E-01
  7125.0006       0.97007002        1.3106105       0.97052446        1.3110651       0.10068899      -0.20486668
  7125.0958       0.97892939        1.3084847       0.97939982        1.3089553       0.68295437E-01  -0.19316804
  7125.1976       0.98352319        1.3062230       0.98401071        1.3067106       0.62637788E-01   0.13345840
  7125.3027       0.99188539        1.3038998       0.99239055        1.3044050       0.95899973E-01   0.15467115
  7125.4045        1.0033598        1.3016603        1.0038821        1.3021826       0.94631051E-01  -0.31525608E-01
  7125.4997        1.0105280        1.2995752        1.0110662        1.3001135       0.89689334E-01  -0.75042979E-01
  7125.5982        1.0207348        1.2974282        1.0212896        1.2979831       0.80093425E-01   0.67284270E-02
  7125.6967        1.0263075        1.2952915        1.0268788        1.2958629       0.91014928E-01   0.12184921
  7125.7969        1.0388160        1.2931295        1.0394041        1.2937177       0.10430023      -0.59668136E-01
  7125.9003        1.0475423        1.2909077        1.0481478        1.2915133       0.78866914E-01  -0.76285599E-01
  7125.9972        1.0546142        1.2888370        1.0552360        1.2894589       0.89019083E-01  -0.34141318E-01
  7126.0940        1.0647899        1.2867762        1.0654279        1.2874143       0.72251965E-01  -0.13655629
  7126.1942        1.0688509        1.2846556        1.0695057        1.2853106       0.62111758E-01   0.54363626E-01
  7126.2927        1.0771310        1.2825800        1.0778023        1.2832515       0.83053528E-01   0.65076036E-01
  7126.3946        1.0854897        1.2804458        1.0861781        1.2811343       0.75148961E-01   0.81366583E-02
  7126.4997        1.0926802        1.2782538        1.0933863        1.2789600       0.84737100E-01   0.76883351E-01
  7126.5982        1.1027451        1.2762092        1.1034677        1.2769319       0.90805102E-01  -0.63999915E-01
  7126.6951        1.1104263        1.2742083        1.1111651        1.2749473       0.72229597E-01  -0.10584050
  7126.7953        1.1169799        1.2721498        1.1177356        1.2729055       0.69946373E-01   0.22113609E-01
  7126.8987        1.1246710        1.2700344        1.1254440        1.2708076       0.76733078E-01   0.40817998E-02
  7127.0006        1.1327333        1.2679633        1.1335234        1.2687535       0.70784371E-01  -0.55418982E-01
  7127.0991        1.1388547        1.2659690        1.1396613        1.2667758       0.65628278E-01   0.37557617E-02
  7127.1977        1.1456686        1.2639845        1.1464918        1.2648078       0.71524631E-01   0.51492642E-01
  7127.2979        1.1530701        1.2619771        1.1539101        1.2628171       0.75862389E-01  -0.34051076E-01
  7127.3964        1.1607466        1.2600123        1.1616031        1.2608689       0.64756844E-01  -0.90909902E-01
  7127.4966        1.1659412        1.2580249        1.1668145        1.2588983       0.57793137E-01   0.12828828E-01
  7127.6001        1.1725187        1.2559828        1.1734093        1.2568736       0.67369999E-01   0.85825400E-01
  7127.6954        1.1793325        1.2541123        1.1802391        1.2550190       0.74852823E-01  -0.10558786
  7127.7956        1.1871518        1.2521548        1.1880752        1.2530783       0.46728417E-01  -0.13432680
  7127.9040        1.1890819        1.2500480        1.1900235        1.2509897       0.46826879E-01   0.10408471
  7128.0043        1.1969221        1.2481113        1.1978805        1.2490698       0.68445380E-01  -0.74809711E-01
  7128.0995        1.2024636        1.2462790        1.2034379        1.2472535       0.32200907E-01  -0.11588474
  7128.1998        1.2032179        1.2443616        1.2042090        1.2453529       0.45788175E-01   0.14120166
  7128.3016        1.2117170        1.2424229        1.2127253        1.2434312       0.60736775E-01   0.11177271
  7128.4019        1.2154927        1.2405254        1.2165177        1.2415505       0.68377327E-01   0.26706483E-01
  7128.4988        1.2251994        1.2386994        1.2262407        1.2397408       0.66002652E-01  -0.16752946
  7128.5974        1.2283987        1.2368520        1.2294565        1.2379099       0.35619120E-01  -0.13367821
  7128.7009        1.2323986        1.2349223        1.2334737        1.2359976       0.38984147E-01  -0.57395119E-01
  7128.8012        1.2363423        1.2330639        1.2374343        1.2341559       0.23923946E-01  -0.83045928E-01
  7128.8981        1.2371164        1.2312756        1.2382245        1.2323839       0.22607656E-01  -0.67651197E-01
  7128.9967        1.2407635        1.2294663        1.2418882        1.2305912       0.10694010E-01  -0.16064525
  7129.0970        1.2392429        1.2276365        1.2403844        1.2287781      -0.93371334E-02   0.55005125E-01
  7129.1989        1.2388760        1.2257866        1.2400346        1.2269453       0.21813021E-01   0.16859559
  7129.2991        1.2436524        1.2239762        1.2448278        1.2251517       0.24744802E-01  -0.41298287E-01
  7129.3961        1.2437564        1.2222344        1.2449480        1.2234261       0.13667884E-01  -0.70236189E-01
  7129.4980        1.2463706        1.2204136        1.2475793        1.2216224       0.10776510E-01   0.17411883E-01
  7129.5966        1.2459173        1.2186610        1.2471425        1.2198863       0.17159419E-01   0.11110596
  7129.6985        1.2498117        1.2168596        1.2510539        1.2181020       0.33056809E-01  -0.84875166E-02
  7129.8005        1.2526551        1.2150681        1.2539145        1.2163275       0.15429451E-01  -0.16587908
  7129.8974        1.2528806        1.2133723        1.2541561        1.2146480       0.63461180E-04  -0.87674874E-01
  7129.9977        1.2526677        1.2116284        1.2539600        1.2129209      -0.18654696E-02   0.23547900E-02
  7130.0980        1.2525065        1.2098939        1.2538156        1.2112032       0.53572609E-03  -0.19561252E-01
  7130.1983        1.2527751        1.2081689        1.2541010        1.2094949      -0.57886939E-02  -0.10858753
  7130.2969        1.2513549        1.2064812        1.2526974        1.2078238      -0.21064832E-01  -0.56631071E-01
  7130.3972        1.2485847        1.2047747        1.2499440        1.2061341      -0.17054200E-01   0.96716518E-01
  7130.4942        1.2479903        1.2031331        1.2493658        1.2045087      -0.19836301E-02   0.73727898E-01
  7130.5961        1.2481901        1.2014173        1.2495826        1.2028100      -0.23866979E-02  -0.12964327E-01
  7130.7030        1.2474920        1.1996289        1.2489024        1.2010394      -0.46907242E-02  -0.18335778E-01
  7130.7984        1.2472415        1.1980419        1.2486678        1.1994684      -0.60949257E-02  -0.46261987E-01
  7130.8970        1.2463094        1.1964090        1.2477523        1.1978520      -0.13666706E-01  -0.77065944E-01
  7130.9990        1.2444998        1.1947310        1.2459597        1.1961911      -0.21554971E-01   0.78766175E-01
  7131.0977        1.2419852        1.1931162        1.2434616        1.1945927       0.21348912E-02   0.12707810
  7131.1980        1.2449246        1.1914835        1.2464178        1.1929769       0.37303946E-02  -0.83771786E-01
  7131.3016        1.2427458        1.1898069        1.2442564        1.1913176      -0.14947349E-01  -0.45344695E-01
  7131.4002        1.2419011        1.1882192        1.2434282        1.1897464      -0.54417489E-02  -0.13076904E-01
  7131.4956        1.2416898        1.1866928        1.2432328        1.1882359      -0.17485040E-01  -0.25648148E-01
  7131.5960        1.2384791        1.1850962        1.2400389        1.1866561      -0.10461322E-01   0.16813365
  7131.6963        1.2395908        1.1835087        1.2411673        1.1850854       0.16250809E-01   0.41124321E-01
  7131.7966        1.2417399        1.1819302        1.2433333        1.1835237      -0.22095216E-02  -0.13702934
  7131.9594        1.2390093        1.1793875        1.2406299        1.1810082      -0.19810382E-01  -0.21523737E-01
  7132.3625        1.2305303        1.1731959        1.2322183        1.1748840      -0.14388599E-01   0.77378686E-02
  7133.1406        1.2220135        1.1616446        1.2238316        1.1634628      -0.10670442E-01   0.27781624E-02
  7134.1873        1.2110587        1.1469301        1.2130515        1.1489231      -0.93189387E-02   0.18190285E-02
  7135.3182        1.2017210        1.1320588        1.2039026        1.1342406      -0.67093930E-02   0.68859290E-03
  7136.4759        1.1957037        1.1179045        1.1980785        1.1202794      -0.77430422E-02  -0.32668245E-02
  7137.6603        1.1835863        1.1045005        1.1861586        1.1070728      -0.14360469E-01  -0.39836532E-02
  7138.8747        1.1612546        1.0918432        1.1640291        1.0946178      -0.17299360E-01  -0.10881568E-02
  7140.1210        1.1410175        1.0799514        1.1439995        1.0829335      -0.17038114E-01   0.52118307E-03
  7141.3940        1.1183302        1.0688990        1.1215239        1.0720928      -0.15986336E-01   0.18994251E-02
  7142.6924        1.0999106        1.0587134        1.1033200        1.0621229      -0.12153969E-01   0.21490537E-02
  7144.0159        1.0864643        1.0494003        1.0900935        1.0530296      -0.10351827E-01   0.64564835E-03
  7145.3697        1.0721952        1.0409311        1.0760490        1.0447850      -0.10425348E-01  -0.37256246E-03
  7146.7521        1.0579385        1.0333198        1.0620215        1.0374028      -0.11371229E-01  -0.10126307E-02
  7148.1582        1.0404865        1.0265833        1.0448023        1.0308992      -0.13249072E-01  -0.44333884E-03
  7149.5963        1.0202557        1.0206682        1.0248095        1.0252222      -0.12632167E-01   0.43421704E-03
  7151.0664        1.0037496        1.0155613        1.0085464        1.0203583      -0.11986280E-01   0.10796264E-03
  7152.5669       0.98464866        1.0112445       0.98969336        1.0162892      -0.12311448E-01   0.11792797E-03
  7154.0930       0.96648831        1.0076934       0.97178482        1.0129900      -0.11629365E-01   0.10529905E-02
  7155.6379       0.94893560        1.0048676       0.95448680        1.0104189      -0.90777798E-02   0.18531776E-02
  7157.2100       0.93819249        1.0026890       0.94400261        1.0084992      -0.58529344E-02   0.19938150E-02
  7158.8193       0.93031485        1.0010835       0.93638974        1.0071585      -0.27345812E-02   0.20099997E-02
  7160.4592       0.92930720       0.99998758       0.93565162        1.0063321       0.67802900E-03   0.18574903E-02
  7162.1215       0.93255384       0.99931762       0.93917119        1.0059351       0.33992194E-02   0.15700239E-02
  7163.8095       0.94069546       0.99897073       0.94758966        1.0058650       0.59380158E-02   0.13151012E-02
  7165.5282       0.95278283       0.99883565       0.95995862        1.0060115       0.78793641E-02   0.90833778E-03
  7167.2760       0.96800950       0.99879028       0.97547133        1.0062522       0.90867942E-02   0.11335591E-03
  7169.0497       0.98478168       0.99872433       0.99253346        1.0064762       0.82785433E-02  -0.62715964E-03
  7170.8525       0.99761762       0.99861525        1.0056638        1.0066615       0.68437640E-02  -0.49699178E-03
  7172.6879        1.0096810       0.99846210        1.0180266        1.0068077       0.64703609E-02  -0.53712319E-03
  7174.5493        1.0215371       0.99826496        1.0301859        1.0069138       0.48581366E-02  -0.11735258E-02
  7176.4350        1.0278848       0.99802390        1.0368404        1.0069796       0.20730729E-02  -0.11846421E-02
  7178.3501        1.0294164       0.99773816        1.0386833        1.0070051       0.35556908E-03  -0.59298344E-03
  7180.2912        1.0292560       0.99740819        1.0388379        1.0069902      -0.21361590E-03  -0.22065910E-03
  7182.2619        1.0285808       0.99703351        1.0384822        1.0069350      -0.50760474E-03  -0.14017047E-03
  7184.2654        1.0272387       0.99661348        1.0374645        1.0068394      -0.77067060E-03  -0.92584271E-04
  7186.2934        1.0254738       0.99615015        1.0360276        1.0067040      -0.88086175E-03  -0.99434361E-05
  7188.3494        1.0236412       0.99564333        1.0345270        1.0065292      -0.81128001E-03  -0.15804085E-03
  7190.4334        1.0221151       0.99509365        1.0333370        1.0063156      -0.15351479E-02  -0.27684957E-03
  7192.5488        1.0171946       0.99450093        1.0287572        1.0060636      -0.19738724E-02  -0.31902082E-04
  7194.6939        1.0137054       0.99386646        1.0256130        1.0057742      -0.16710676E-02  -0.13787669E-05
  7196.8622        1.0099866       0.99319341        1.0222424        1.0054494      -0.19798196E-02  -0.11223878E-03
  7199.0553        1.0050706       0.99248271        1.0176783        1.0050905      -0.21605845E-02  -0.10232012E-03
  7201.2800        1.0004415       0.99173365        1.0134054        1.0046977      -0.24318526E-02  -0.68029099E-04
  7203.5347       0.99417737       0.99094834        1.0075019        1.0042730      -0.24653149E-02   0.76602776E-04
  7205.8161       0.98925861       0.99012978        1.0029475        1.0038188      -0.20843769E-02  -0.57392751E-04
  7208.1225       0.98461467       0.98928068       0.99867135        1.0033375      -0.27286211E-02   0.30862876E-03
  7210.4557       0.97659885       0.98840273       0.99102702        1.0028310      -0.65245642E-03   0.21856781E-03
  7220.0911       0.97680569       0.98464159       0.99276204        1.0005980      -0.11267172E-03  -0.17682440E-04
  7222.5658       0.97523438       0.98365801       0.99158167        1.0000054      -0.86659194E-03  -0.19962159E-03
  7225.0693       0.97249167       0.98266308       0.98923379       0.99940530      -0.11064176E-02   0.14616900E-04
  7227.6050       0.96965893       0.98165934       0.98680031       0.99880082      -0.79293450E-03   0.95562610E-04
  7230.1679       0.96844875       0.98065294       0.98599301       0.99819729      -0.61917429E-03   0.23881702E-04
  7232.7565       0.96646924       0.97964895       0.98441971       0.99759952      -0.66990738E-03  -0.69035028E-05
  7235.3775       0.96495882       0.97864946       0.98331989       0.99701062      -0.65513850E-03   0.92588394E-05
  7238.0242       0.96301815       0.97766206       0.98179312       0.99643713      -0.62113441E-03   0.28350698E-03
  7240.6933       0.96165698       0.97669318       0.98084861       0.99588491       0.85193613E-03   0.12359458E-03
  7251.6746       0.97464743       0.97309012       0.99554557       0.99398836       0.10659819E-02  -0.35082925E-04
  7254.4871       0.97636094       0.97229246       0.99769415       0.99362576       0.36800862E-03  -0.13319052E-03
  7257.3309       0.97672900       0.97154870       0.99850127       0.99332107       0.31261611E-03   0.17870580E-04
  7260.2026       0.97814769       0.97086738        1.0003625       0.99308228       0.47014778E-03  -0.38870928E-04
  7263.0989       0.97944080       0.97025708        1.0021011       0.99291742       0.88408946E-04  -0.39525034E-04
  7278.0145       0.97972242       0.96855958        1.0046629       0.99350019      -0.23386603E-03  -0.32475663E-04
  7287.2986       0.97378133       0.96897301        1.0001296       0.99532134      -0.69749085E-03  -0.48883581E-04
  7290.4533       0.97104648       0.96941391       0.99787103       0.99623854      -0.84191848E-03   0.14285554E-04
  7293.6315       0.96844953       0.97002496       0.99575289       0.99732842      -0.60702166E-03   0.94604447E-04
  7296.8367       0.96717158       0.97081879       0.99495677       0.99860407      -0.23801393E-03   0.25102169E-04
  7309.9468       0.96456626       0.97609162       0.99431115        1.0058366      -0.19747234E-03   0.17269515E-05
  7313.2952       0.96392149       0.96392139       0.99416404       0.99416404      -0.20959095E-03   0.10184439E-05
  7316.6728       0.96315654       0.96315645       0.99389994       0.99389994      -0.19062223E-03   0.19435380E-05
  7320.0763       0.96262886       0.96262877       0.99387573       0.99387573      -0.19641165E-03  -0.24540902E-04
  7323.5074       0.96181416       0.96181406       0.99356737       0.99356737      -0.35834778E-03   0.42964163E-04
  7326.9696       0.96015865       0.96015855       0.99242157       0.99242157       0.99754806E-04   0.22103765E-04
  7344.6888       0.96392711       0.96392701       0.99877921       0.99877921       0.10984104E-03  -0.80242808E-05
  7348.3172       0.96250348       0.96250339       0.99788177       0.99788177      -0.71543794E-04  -0.12873921E-04
  7351.9721       0.96340603       0.96340594       0.99931297       0.99931297       0.16076694E-04   0.12330481E-05
  7355.6588       0.96262151       0.96262142       0.99906031       0.99906031      -0.62491215E-04   0.49594059E-05
  7359.3740       0.96294348       0.96294338       0.99991681       0.99991681       0.52785696E-04   0.61551057E-05
  7363.1159       0.96301514       0.96301504        1.0005254        1.0005254      -0.16592149E-04  -0.27508067E-04
  7366.8828       0.96281889       0.96281880        1.0008682        1.0008682      -0.15376944E-03  -0.25150079E-05
  7370.6785       0.96185224       0.96185214        1.0004433        1.0004433      -0.35612218E-04   0.20779925E-04
  7374.5064       0.96254740       0.96254730        1.0016832        1.0016832       0.46478607E-05  -0.10612759E-04
  7378.3579       0.96188793       0.96188784        1.0015703        1.0015703      -0.11711187E-03  -0.24909078E-05
  7382.2383       0.96164190       0.96164181        1.0018735        1.0018735      -0.14611525E-04   0.30304683E-04
  7386.1512       0.96177406       0.96177396        1.0025578        1.0025578       0.11906295E-03   0.29924848E-04
  7390.0880       0.96257651       0.96257642        1.0039142        1.0039142       0.22028910E-03  -0.24871283E-04
  7394.0539       0.96351493       0.96351483        1.0054091        1.0054091      -0.77486370E-04  -0.64002165E-04
  7398.0473       0.96195977       0.96195968        1.0044125        1.0044125      -0.28912614E-03  -0.97621394E-05
  7402.0683       0.96119775       0.96119765        1.0042114        1.0042114      -0.15572432E-03   0.20398782E-05
  7406.1170       0.96070312       0.96070303        1.0042797        1.0042797      -0.27266498E-03  -0.21721404E-04
  7410.1934       0.95898232       0.95898222        1.0031241        1.0031241      -0.33221303E-03  -0.31685893E-05
  7414.2995       0.95798479       0.95798470        1.0026941        1.0026941      -0.29859192E-03   0.20602601E-04
  7418.4353       0.95652137       0.95652128        1.0018005        1.0018005      -0.16240977E-03   0.21571138E-04
  7422.5991       0.95663686       0.95663677        1.0024879        1.0024879      -0.11956043E-03  -0.15019351E-04
  7426.7892       0.95552257       0.95552248        1.0019474        1.0019474      -0.28788054E-03  -0.23623887E-04
  7431.0076       0.95421623       0.95421613        1.0012168        1.0012168      -0.31820127E-03   0.21672720E-04
  7435.2560       0.95282843       0.95282834        1.0004070        1.0004070      -0.10438267E-03   0.80299445E-05
  7439.5310       0.95332652       0.95332643        1.0014848        1.0014848      -0.24975843E-03  -0.35806893E-04
  7443.8309       0.95068677       0.95068668       0.99942630       0.99942630      -0.41142423E-03   0.13048499E-04
  7448.1612       0.94977586       0.94977577       0.99909877       0.99909877      -0.13714758E-03   0.49772605E-04
  7452.5183       0.94949532       0.94949522       0.99940327       0.99940327       0.20970346E-04   0.67025233E-06
  7456.9078       0.94995928       0.94995919        1.0004546        1.0004546      -0.13128514E-03  -0.29832602E-04
  7461.3225       0.94833945       0.94833936       0.99942357       0.99942357      -0.24168268E-03   0.29827265E-05
  7465.7608       0.94781967       0.94781957       0.99949365       0.99949365      -0.10487909E-03  -0.10497981E-04
  7470.2317       0.94740507       0.94740497       0.99967120       0.99967120      -0.33521085E-03  -0.36558979E-04
  7474.7317       0.94481251       0.94481242       0.99767255       0.99767255      -0.43284765E-03   0.16137963E-04
  7479.2628       0.94349596       0.94349587       0.99695191       0.99695191      -0.18946684E-03   0.37853773E-04
  7483.8178       0.94309100       0.94309091       0.99714384       0.99714384      -0.88905877E-04   0.22077176E-04
